=9x3
0,-4,
1,-2,
-1,-2,
-3,0,
0,0,
3,0,
1,2,
-1,2,
0,4,
=1x2
SYS_WAFERID,25
=120x13
IDLIN_A01A_NSVT10_X130X230Y230Y1D15_1_1,,R,uA,+2.007500E+01,+1.949500E+01,+1.958000E+01,+1.644000E+01,+1.935000E+01,+1.984500E+01,+1.964500E+01,+1.957000E+01,+1.997500E+01
IDSAT_A01A_NSVT10_X130X230Y230Y1D15_1_1,,R,mA,+7.819500E-02,+7.540500E-02,+7.541500E-02,+6.115000E-02,+7.346500E-02,+7.651500E-02,+7.537000E-02,+7.512000E-02,+7.718000E-02
VTHI_A01A_NSVT10_X130X230Y230Y1D15_1_1,,R,V,+3.333000E-01,+3.557000E-01,+3.408000E-01,+3.427000E-01,+3.455000E-01,+3.340000E-01,+3.464000E-01,+3.423000E-01,+3.479000E-01
IDLIN_A01B_NSVT10_X130X230Y230Y1D3_1_1,,R,uA,+2.011500E+01,+1.954000E+01,+1.958500E+01,+1.973000E+01,+1.928500E+01,+2.027000E+01,+1.959000E+01,+1.978000E+01,+1.992500E+01
IDSAT_A01B_NSVT10_X130X230Y230Y1D3_1_1,,R,mA,+7.826000E-02,+7.536000E-02,+7.536000E-02,+7.596500E-02,+7.345500E-02,+7.965500E-02,+7.510500E-02,+7.697000E-02,+7.723000E-02
VTHI_A01B_NSVT10_X130X230Y230Y1D3_1_1,,R,V,+3.413000E-01,+3.462000E-01,+3.475000E-01,+3.420000E-01,+3.616000E-01,+3.304000E-01,+3.516000E-01,+3.375000E-01,+3.447000E-01
IDLIN_A01C_NSVT10_X130X230Y230Y1D5_1_1,,R,uA,+2.009500E+01,+1.965000E+01,+1.969000E+01,+1.987000E+01,+1.949000E+01,+2.018000E+01,+1.978000E+01,+1.992000E+01,+2.004500E+01
IDSAT_A01C_NSVT10_X130X230Y230Y1D5_1_1,,R,mA,+7.849500E-02,+7.489500E-02,+7.570500E-02,+7.834500E-02,+7.398000E-02,+7.875500E-02,+7.635500E-02,+7.827000E-02,+7.884500E-02
VTHI_A01C_NSVT10_X130X230Y230Y1D5_1_1,,R,V,+3.433000E-01,+3.503000E-01,+3.467000E-01,+3.382000E-01,+3.579000E-01,+3.411000E-01,+3.430000E-01,+3.304000E-01,+3.423000E-01
IDLIN_A01D_NSVT10_X130X230Y230Y11_1_1,,R,uA,+2.028500E+01,+1.964500E+01,+1.958500E+01,+1.985000E+01,+2.634000E+00,+2.012000E+01,+1.989000E+01,+1.984500E+01,+2.045000E+01
IDSAT_A01D_NSVT10_X130X230Y230Y11_1_1,,R,mA,+7.919000E-02,+7.582500E-02,+7.588000E-02,+7.674000E-02,+7.372000E-02,+7.916000E-02,+7.809500E-02,+7.773000E-02,+8.118000E-02
VTHI_A01D_NSVT10_X130X230Y230Y11_1_1,,R,V,+3.411000E-01,+3.444000E-01,+3.440000E-01,+3.545000E-01,+3.567000E-01,+3.296000E-01,+3.360000E-01,+3.317000E-01,+3.321000E-01
IDLIN_A01E_NSVT10_X130X230Y230Y12_1_1,,R,uA,+2.035000E+01,+1.959000E+01,+1.956500E+01,+2.021000E+01,+1.937500E+01,+2.021000E+01,+1.978500E+01,+1.984500E+01,+2.008000E+01
IDSAT_A01E_NSVT10_X130X230Y230Y12_1_1,,R,mA,+8.079000E-02,+7.602500E-02,+7.633500E-02,+7.951000E-02,+7.372000E-02,+7.919500E-02,+7.634500E-02,+7.731500E-02,+7.794000E-02
VTHI_A01E_NSVT10_X130X230Y230Y12_1_1,,R,V,+3.294000E-01,+3.501000E-01,+3.528000E-01,+3.338000E-01,+3.530000E-01,+3.369000E-01,+3.475000E-01,+3.449000E-01,+3.401000E-01
IDLIN_A01F_NSVT10_X130X230Y230Y1D15_1_d06,,R,uA,+1.460500E+02,+1.398000E+02,+1.436000E+02,+1.447500E+02,+1.429500E+02,+1.393500E+02,+1.409000E+02,+1.405500E+02,+1.434500E+02
IDSAT_A01F_NSVT10_X130X230Y230Y1D15_1_d06,,R,mA,+4.652000E-01,+4.556500E-01,+4.612000E-01,+4.841000E-01,+4.615500E-01,+4.448500E-01,+4.530500E-01,+4.556500E-01,+4.738000E-01
VTHI_A01F_NSVT10_X130X230Y230Y1D15_1_d06,,R,V,+5.035000E-01,+4.566000E-01,+4.757000E-01,+4.814000E-01,+4.717000E-01,+4.803000E-01,+4.848000E-01,+4.851000E-01,+4.756000E-01
IDLIN_A01G_NSVT10_X130X230Y230Y1D3_1_d06,,R,uA,+1.471500E+02,+1.454500E+02,+1.346500E+02,+1.434000E+02,+1.341000E+02,+1.473500E+02,+1.371500E+02,+1.416000E+02,+1.529500E+02
IDSAT_A01G_NSVT10_X130X230Y230Y1D3_1_d06,,R,mA,+4.793500E-01,+4.834000E-01,+4.382000E-01,+4.707000E-01,+4.313000E-01,+4.666000E-01,+4.393000E-01,+4.604000E-01,+5.037500E-01
VTHI_A01G_NSVT10_X130X230Y230Y1D3_1_d06,,R,V,+4.488000E-01,+4.510000E-01,+5.020000E-01,+4.890000E-01,+5.213000E-01,+4.680000E-01,+5.027000E-01,+4.822000E-01,+4.598000E-01
IDLIN_A01H_NSVT10_X130X230Y230Y1D5_1_d06,,R,uA,+1.406000E+02,+1.453500E+02,+1.461000E+02,+1.460000E+02,+1.357000E+02,+1.437500E+02,+1.462000E+02,+1.406500E+02,+1.516000E+02
IDSAT_A01H_NSVT10_X130X230Y230Y1D5_1_d06,,R,mA,+4.474500E-01,+4.606500E-01,+4.728500E-01,+4.734500E-01,+4.339500E-01,+4.543000E-01,+4.714500E-01,+4.550500E-01,+4.999500E-01
VTHI_A01H_NSVT10_X130X230Y230Y1D5_1_d06,,R,V,+4.829000E-01,+4.685000E-01,+4.663000E-01,+4.848000E-01,+5.090000E-01,+4.790000E-01,+4.642000E-01,+5.030000E-01,+4.510000E-01
IDLIN_A02A_NSVT10_X130X230Y230Y11_1_d06,,R,uA,+1.507500E+02,+1.440500E+02,+1.523000E+02,+1.445000E+02,+1.459500E+02,+1.422000E+02,+1.521500E+02,+1.469000E+02,+1.583000E+02
IDSAT_A02A_NSVT10_X130X230Y230Y11_1_d06,,R,mA,+4.952000E-01,+4.713500E-01,+4.879500E-01,+4.721000E-01,+4.765500E-01,+4.477500E-01,+4.940000E-01,+4.856500E-01,+5.221500E-01
VTHI_A02A_NSVT10_X130X230Y230Y11_1_d06,,R,V,+4.473000E-01,+4.743000E-01,+4.759000E-01,+4.709000E-01,+4.798000E-01,+4.712000E-01,+4.553000E-01,+4.783000E-01,+4.704000E-01
IDLIN_A02B_NSVT10_X130X230Y230Y12_1_d06,,R,uA,+1.489000E+02,+1.528000E+02,+1.523000E+02,+1.474000E+02,+1.449000E+02,+1.535500E+02,+1.543000E+02,+1.490500E+02,+1.551500E+02
IDSAT_A02B_NSVT10_X130X230Y230Y12_1_d06,,R,mA,+4.822000E-01,+4.938500E-01,+4.967500E-01,+4.836000E-01,+4.725000E-01,+4.898500E-01,+5.055000E-01,+4.746000E-01,+5.126500E-01
VTHI_A02B_NSVT10_X130X230Y230Y12_1_d06,,R,V,+4.709000E-01,+4.417000E-01,+4.651000E-01,+4.725000E-01,+4.914000E-01,+4.415000E-01,+4.478000E-01,+4.939000E-01,+4.637000E-01
IDLIN_A02C_NSVT10_X130X230Y230Y1D15_d12_1,,R,uA,+2.774500E+00,+2.743000E+00,+2.719000E+00,+2.818500E+00,+2.679000E+00,+2.802000E+00,+2.758000E+00,+2.691500E+00,+2.878500E+00
IDSAT_A02C_NSVT10_X130X230Y230Y1D15_d12_1,,R,mA,+1.188500E-02,+1.211500E-02,+1.157500E-02,+1.240500E-02,+1.136000E-02,+1.229500E-02,+1.195000E-02,+1.176000E-02,+1.298500E-02
VTHI_A02C_NSVT10_X130X230Y230Y1D15_d12_1,,R,V,+2.848000E-01,+2.636000E-01,+2.883000E-01,+2.799000E-01,+3.198000E-01,+2.750000E-01,+2.721000E-01,+2.974000E-01,+2.514000E-01
IDLIN_A02D_NSVT10_X130X230Y230Y1D3_d12_1,,R,uA,+2.833500E+00,+2.751500E+00,+2.744000E+00,+2.890000E+00,+2.541500E+00,+2.864000E+00,+2.856500E+00,+2.784000E+00,+2.872500E+00
IDSAT_A02D_NSVT10_X130X230Y230Y1D3_d12_1,,R,mA,+1.240500E-02,+1.192000E-02,+1.201000E-02,+1.268000E-02,+1.051500E-02,+1.245000E-02,+1.245000E-02,+1.200000E-02,+1.287000E-02
VTHI_A02D_NSVT10_X130X230Y230Y1D3_d12_1,,R,V,+2.763000E-01,+2.880000E-01,+2.851000E-01,+2.648000E-01,+3.127000E-01,+2.796000E-01,+2.872000E-01,+2.865000E-01,+2.809000E-01
IDLIN_A02E_NSVT10_X130X230Y230Y1D5_d12_1,,R,uA,+2.924500E+00,+2.812000E+00,+2.832500E+00,+2.914500E+00,+2.853500E+00,+2.894000E+00,+2.836500E+00,+2.871000E+00,+2.909000E+00
IDSAT_A02E_NSVT10_X130X230Y230Y1D5_d12_1,,R,mA,+1.304000E-02,+1.239000E-02,+1.253000E-02,+1.307500E-02,+1.256000E-02,+1.294500E-02,+1.269500E-02,+1.263500E-02,+1.320500E-02
VTHI_A02E_NSVT10_X130X230Y230Y1D5_d12_1,,R,V,+2.709000E-01,+2.877000E-01,+3.183000E-01,+2.519000E-01,+2.712000E-01,+2.516000E-01,+2.665000E-01,+2.821000E-01,+2.604000E-01
IDLIN_A02F_NSVT10_X130X230Y230Y11_d12_1,,R,uA,+2.948500E+00,+2.862500E+00,+2.914000E+00,+2.943500E+00,+2.807500E+00,+2.985500E+00,+2.882500E+00,+2.844000E+00,+2.881500E+00
IDSAT_A02F_NSVT10_X130X230Y230Y11_d12_1,,R,mA,+1.346000E-02,+1.300500E-02,+1.295500E-02,+1.327500E-02,+1.243500E-02,+1.326500E-02,+1.283000E-02,+1.252500E-02,+1.306500E-02
VTHI_A02F_NSVT10_X130X230Y230Y11_d12_1,,R,V,+2.660000E-01,+2.646000E-01,+2.628000E-01,+2.621000E-01,+2.738000E-01,+2.597000E-01,+2.766000E-01,+2.782000E-01,+2.495000E-01
IDLIN_A02G_NSVT10_X130X230Y230Y12_d12_1,,R,uA,+2.936500E+00,+2.853000E+00,+2.819000E+00,+2.951500E+00,+2.874000E+00,+2.929500E+00,+2.891500E+00,+2.889000E+00,+2.930000E+00
IDSAT_A02G_NSVT10_X130X230Y230Y12_d12_1,,R,mA,+1.299500E-02,+1.252000E-02,+1.221500E-02,+1.301500E-02,+1.253500E-02,+1.319500E-02,+1.294000E-02,+1.282500E-02,+1.311000E-02
VTHI_A02G_NSVT10_X130X230Y230Y12_d12_1,,R,V,+2.785000E-01,+2.709000E-01,+2.853000E-01,+2.621000E-01,+2.831000E-01,+2.758000E-01,+2.656000E-01,+2.773000E-01,+2.457000E-01
IDLIN_A02H_NSVT10_X130X230Y230Y1D15_d12_d06,,R,uA,+1.794000E+01,+1.837500E+01,+1.702000E+01,+1.887000E+01,+1.808000E+01,+1.987500E+01,+1.761000E+01,+1.647500E+01,+1.798500E+01
IDSAT_A02H_NSVT10_X130X230Y230Y1D15_d12_d06,,R,mA,+6.507500E-02,+6.496000E-02,+6.214500E-02,+6.824000E-02,+6.479500E-02,+7.053500E-02,+6.033000E-02,+6.507500E-02,+6.461000E-02
VTHI_A02H_NSVT10_X130X230Y230Y1D15_d12_d06,,R,V,+4.410000E-01,+4.546000E-01,+4.149000E-01,+4.402000E-01,+4.106000E-01,+4.178000E-01,+4.491000E-01,+4.532000E-01,+4.085000E-01
IDLIN_A03A_NSVT10_X130X230Y230Y1D3_d12_d06,,R,uA,+1.999500E+01,+1.762500E+01,+1.902500E+01,+1.769500E+01,+1.864000E+01,+1.618500E+01,+1.994000E+01,+2.100000E+01,+1.868500E+01
IDSAT_A03A_NSVT10_X130X230Y230Y1D3_d12_d06,,R,mA,+6.666500E-02,+6.154500E-02,+6.772500E-02,+6.689000E-02,+6.560000E-02,+5.364000E-02,+7.416500E-02,+8.045000E-02,+6.855500E-02
VTHI_A03A_NSVT10_X130X230Y230Y1D3_d12_d06,,R,V,+4.395000E-01,+4.526000E-01,+4.321000E-01,+4.233000E-01,+4.517000E-01,+5.652000E-01,+3.797000E-01,+3.167000E-01,+3.939000E-01
IDLIN_A03B_NSVT10_X130X230Y230Y1D5_d12_d06,,R,uA,+1.998000E+01,+1.924000E+01,+1.731500E+01,+1.866500E+01,+1.685500E+01,+1.957000E+01,+2.204000E+01,+1.925000E+01,+1.875000E+01
IDSAT_A03B_NSVT10_X130X230Y230Y1D5_d12_d06,,R,mA,+7.399000E-02,+6.996000E-02,+6.787000E-02,+7.505000E-02,+6.150000E-02,+7.005000E-02,+8.158500E-02,+7.117500E-02,+6.903000E-02
VTHI_A03B_NSVT10_X130X230Y230Y1D5_d12_d06,,R,V,+3.826000E-01,+4.354000E-01,+4.267000E-01,+4.428000E-01,+5.038000E-01,+3.933000E-01,+3.980000E-01,+4.287000E-01,+4.289000E-01
IDLIN_A03C_NSVT10_X130X230Y230Y11_d12_d06,,R,uA,+1.961500E+01,+1.867000E+01,+2.151000E+01,+1.789000E+01,+1.745000E+01,+2.184000E+01,+1.904500E+01,+1.716000E+01,+1.873000E+01
IDSAT_A03C_NSVT10_X130X230Y230Y11_d12_d06,,R,mA,+7.511500E-02,+6.564500E-02,+8.468500E-02,+6.175500E-02,+6.308500E-02,+7.889000E-02,+6.912000E-02,+6.202000E-02,+7.122000E-02
VTHI_A03C_NSVT10_X130X230Y230Y11_d12_d06,,R,V,+4.011000E-01,+4.583000E-01,+3.576000E-01,+4.558000E-01,+4.429000E-01,+3.532000E-01,+4.352000E-01,+4.768000E-01,+4.186000E-01
IDLIN_A03D_NSVT10_X130X230Y230Y12_d12_d06,,R,uA,+1.856000E+01,+1.827500E+01,+2.005000E+01,+1.833500E+01,+1.711500E+01,+2.130500E+01,+1.821500E+01,+1.797500E+01,+2.069500E+01
IDSAT_A03D_NSVT10_X130X230Y230Y12_d12_d06,,R,mA,+6.586500E-02,+6.464000E-02,+7.552500E-02,+7.023000E-02,+6.310000E-02,+7.898500E-02,+6.496000E-02,+6.728000E-02,+7.613500E-02
VTHI_A03D_NSVT10_X130X230Y230Y12_d12_d06,,R,V,+4.398000E-01,+4.429000E-01,+3.821000E-01,+4.431000E-01,+4.451000E-01,+3.631000E-01,+4.590000E-01,+4.452000E-01,+3.829000E-01
IDLIN_A03E_PSVT10_X130X230Y230Y1D3_d12_d06,,R,uA,-1.068000E+01,-9.993500E+00,-9.786500E+00,-9.559000E+00,-9.486000E+00,-8.792000E+00,-1.006650E+01,-9.463500E+00,-1.032500E+01
IDSAT_A03E_PSVT10_X130X230Y230Y1D3_d12_d06,,R,mA,-4.624000E-02,-4.119500E-02,-4.098000E-02,-4.091500E-02,-3.886000E-02,-3.551500E-02,-4.204500E-02,-3.856000E-02,-4.297000E-02
VTHI_A03E_PSVT10_X130X230Y230Y1D3_d12_d06,,R,V,-4.549000E-01,-4.824000E-01,-4.749000E-01,-4.656000E-01,-5.086000E-01,-5.311000E-01,-4.473000E-01,-5.249000E-01,-4.452000E-01
IDLIN_A03F_PSVT10_X130X230Y230Y1D5_d12_d06,,R,uA,-9.936000E+00,-1.013500E+01,-9.651000E+00,-9.787000E+00,-9.225000E+00,-1.039000E+01,-8.865000E+00,-9.811500E+00,-9.365000E+00
IDSAT_A03F_PSVT10_X130X230Y230Y1D5_d12_d06,,R,mA,-4.136000E-02,-4.265500E-02,-3.987500E-02,-4.114000E-02,-3.767000E-02,-4.378000E-02,-3.691500E-02,-3.985000E-02,-3.736000E-02
VTHI_A03F_PSVT10_X130X230Y230Y1D5_d12_d06,,R,V,-4.831000E-01,-4.491000E-01,-5.132000E-01,-4.865000E-01,-4.993000E-01,-4.751000E-01,-5.074000E-01,-5.028000E-01,-4.651000E-01
IDLIN_A03G_PSVT10_X130X230Y230Y11_d12_d06,,R,uA,-9.684000E+00,-1.040000E+01,-9.026000E+00,-1.081000E+01,-8.134500E+00,-1.034000E+01,-9.628500E+00,-9.940000E+00,-1.045500E+01
IDSAT_A03G_PSVT10_X130X230Y230Y11_d12_d06,,R,mA,-4.057500E-02,-4.540500E-02,-3.552000E-02,-4.602000E-02,-2.885000E-02,-4.393000E-02,-4.031500E-02,-4.048000E-02,-4.379000E-02
VTHI_A03G_PSVT10_X130X230Y230Y11_d12_d06,,R,V,-4.985000E-01,-4.304000E-01,-4.956000E-01,-4.573000E-01,-5.529000E-01,-4.580000E-01,-4.846000E-01,-4.904000E-01,-4.558000E-01
IDLIN_A03H_PSVT10_X130X230Y230Y12_d12_d06,,R,uA,-9.996500E+00,-9.568000E+00,-9.703000E+00,-1.059000E+01,-1.042000E+01,-9.919500E+00,-9.678500E+00,-1.076500E+01,-1.044000E+01
IDSAT_A03H_PSVT10_X130X230Y230Y12_d12_d06,,R,mA,-4.212500E-02,-4.044000E-02,-3.877000E-02,-4.302000E-02,-4.347000E-02,-4.100500E-02,-3.932000E-02,-4.506500E-02,-4.443000E-02
VTHI_A03H_PSVT10_X130X230Y230Y12_d12_d06,,R,V,-4.441000E-01,-4.495000E-01,-4.966000E-01,-4.739000E-01,-4.456000E-01,-4.688000E-01,-4.822000E-01,-4.330000E-01,-4.637000E-01
IDLIN_A04A_PSVT10_X130X230Y230Y1D15_1_1,,R,uA,-6.413000E+00,-6.426000E+00,-6.395000E+00,-6.389500E+00,-6.398000E+00,-6.396500E+00,-6.383000E+00,-6.429000E+00,-6.418500E+00
IDSAT_A04A_PSVT10_X130X230Y230Y1D15_1_1,,R,mA,-2.495500E-02,-2.495500E-02,-2.489000E-02,-2.477000E-02,-2.480000E-02,-2.481500E-02,-2.476500E-02,-2.509500E-02,-2.494500E-02
VTHI_A04A_PSVT10_X130X230Y230Y1D15_1_1,,R,V,-4.272000E-01,-4.245000E-01,-4.299000E-01,-4.282000E-01,-4.308000E-01,-4.311000E-01,-4.308000E-01,-4.292000E-01,-4.264000E-01
IDLIN_A04B_PSVT10_X130X230Y230Y1D3_1_1,,R,uA,-6.408000E+00,-6.452500E+00,-6.474000E+00,-6.445000E+00,-6.473500E+00,-6.437500E+00,-6.472500E+00,-6.478500E+00,-6.468500E+00
IDSAT_A04B_PSVT10_X130X230Y230Y1D3_1_1,,R,mA,-2.487500E-02,-2.521500E-02,-2.530000E-02,-2.511500E-02,-2.538500E-02,-2.507000E-02,-2.531500E-02,-2.535000E-02,-2.516500E-02
VTHI_A04B_PSVT10_X130X230Y230Y1D3_1_1,,R,V,-4.313000E-01,-4.233000E-01,-4.270000E-01,-4.234000E-01,-4.241000E-01,-4.275000E-01,-4.236000E-01,-4.233000E-01,-4.287000E-01
IDLIN_A04C_PSVT10_X130X230Y230Y1D5_1_1,,R,uA,-6.477000E+00,-6.470000E+00,-6.452000E+00,-6.458500E+00,-6.533000E+00,-6.514500E+00,-6.512500E+00,-6.505000E+00,-6.463000E+00
IDSAT_A04C_PSVT10_X130X230Y230Y1D5_1_1,,R,mA,-2.551500E-02,-2.528500E-02,-2.521000E-02,-2.530500E-02,-2.565000E-02,-2.564000E-02,-2.560500E-02,-2.549000E-02,-2.548500E-02
VTHI_A04C_PSVT10_X130X230Y230Y1D5_1_1,,R,V,-4.230000E-01,-4.270000E-01,-4.265000E-01,-4.258000E-01,-4.207000E-01,-4.212000E-01,-4.212000E-01,-4.245000E-01,-4.241000E-01
IDLIN_A04D_PSVT10_X130X230Y230Y11_1_1,,R,uA,-6.475500E+00,-6.507000E+00,-6.489000E+00,-6.509000E+00,-6.528000E+00,-6.486000E+00,-6.523000E+00,-6.544000E+00,-6.495000E+00
IDSAT_A04D_PSVT10_X130X230Y230Y11_1_1,,R,mA,-2.545500E-02,-2.553500E-02,-2.553000E-02,-2.545000E-02,-2.574500E-02,-2.539000E-02,-2.566500E-02,-2.567500E-02,-2.556000E-02
VTHI_A04D_PSVT10_X130X230Y230Y11_1_1,,R,V,-4.214000E-01,-4.233000E-01,-4.212000E-01,-4.222000E-01,-4.207000E-01,-4.253000E-01,-4.217000E-01,-4.225000E-01,-4.226000E-01
IDLIN_A04E_PSVT10_X130X230Y230Y12_1_1,,R,uA,-6.495000E+00,-6.500500E+00,-6.516500E+00,-6.514500E+00,-6.558500E+00,-6.537500E+00,-6.534000E+00,-6.510000E+00,-6.516500E+00
IDSAT_A04E_PSVT10_X130X230Y230Y12_1_1,,R,mA,-2.535500E-02,-2.570500E-02,-2.566500E-02,-2.578500E-02,-2.603000E-02,-2.576000E-02,-2.565500E-02,-2.542000E-02,-2.560500E-02
VTHI_A04E_PSVT10_X130X230Y230Y12_1_1,,R,V,-4.272000E-01,-4.223000E-01,-4.210000E-01,-4.199000E-01,-4.152000E-01,-4.219000E-01,-4.191000E-01,-4.224000E-01,-4.207000E-01
IDLIN_A04F_PSVT10_X130X230Y230Y1D15_1_d06,,R,uA,-5.735500E+01,-5.822000E+01,-5.682000E+01,-6.039500E+01,-5.729500E+01,-5.833500E+01,-5.837000E+01,-5.613000E+01,-5.736000E+01
IDSAT_A04F_PSVT10_X130X230Y230Y1D15_1_d06,,R,mA,-2.420000E-01,-2.402000E-01,-2.339000E-01,-2.556500E-01,-2.369500E-01,-2.404500E-01,-2.437000E-01,-2.333000E-01,-2.451500E-01
VTHI_A04F_PSVT10_X130X230Y230Y1D15_1_d06,,R,V,-5.532000E-01,-5.461000E-01,-5.583000E-01,-5.242000E-01,-5.662000E-01,-5.391000E-01,-5.389000E-01,-5.653000E-01,-5.447000E-01
IDLIN_A04G_PSVT10_X130X230Y230Y1D3_1_d06,,R,uA,-5.844500E+01,-5.608000E+01,-5.739500E+01,-5.757000E+01,-5.575500E+01,-5.806000E+01,-5.793000E+01,-5.603000E+01,-5.899000E+01
IDSAT_A04G_PSVT10_X130X230Y230Y1D3_1_d06,,R,mA,-2.454000E-01,-2.345500E-01,-2.400000E-01,-2.439000E-01,-2.332000E-01,-2.397500E-01,-2.420000E-01,-2.338500E-01,-2.501000E-01
VTHI_A04G_PSVT10_X130X230Y230Y1D3_1_d06,,R,V,-5.606000E-01,-5.657000E-01,-5.415000E-01,-5.542000E-01,-5.611000E-01,-5.478000E-01,-5.428000E-01,-5.587000E-01,-5.452000E-01
IDLIN_A04H_PSVT10_X130X230Y230Y1D5_1_d06,,R,uA,-5.901000E+01,-5.769500E+01,-5.794000E+01,-5.999000E+01,-5.675500E+01,-5.639500E+01,-5.625500E+01,-5.936000E+01,-5.830500E+01
IDSAT_A04H_PSVT10_X130X230Y230Y1D5_1_d06,,R,mA,-2.460500E-01,-2.388500E-01,-2.410000E-01,-2.496000E-01,-2.326500E-01,-2.319500E-01,-2.332500E-01,-2.497000E-01,-2.426000E-01
VTHI_A04H_PSVT10_X130X230Y230Y1D5_1_d06,,R,V,-5.390000E-01,-5.545000E-01,-5.577000E-01,-5.337000E-01,-5.584000E-01,-5.675000E-01,-5.537000E-01,-5.440000E-01,-5.530000E-01
IDLIN_A05A_PSVT10_X130X230Y230Y11_1_d06,,R,uA,-6.131500E+01,-5.790000E+01,-5.861500E+01,-5.763000E+01,-5.769500E+01,-5.859000E+01,-5.679500E+01,-5.967500E+01,-5.992500E+01
IDSAT_A05A_PSVT10_X130X230Y230Y11_1_d06,,R,mA,-2.568000E-01,-2.436000E-01,-2.426000E-01,-2.413500E-01,-2.433000E-01,-2.468500E-01,-2.325000E-01,-2.516000E-01,-2.553500E-01
VTHI_A05A_PSVT10_X130X230Y230Y11_1_d06,,R,V,-5.249000E-01,-5.449000E-01,-5.352000E-01,-5.364000E-01,-5.417000E-01,-5.380000E-01,-5.537000E-01,-5.415000E-01,-5.379000E-01
IDLIN_A05B_PSVT10_X130X230Y230Y12_1_d06,,R,uA,-5.900500E+01,-5.857500E+01,-5.998000E+01,-6.098000E+01,-5.692000E+01,-6.106500E+01,-5.560000E+01,-5.970500E+01,-6.120000E+01
IDSAT_A05B_PSVT10_X130X230Y230Y12_1_d06,,R,mA,-2.477000E-01,-2.423500E-01,-2.507000E-01,-2.623500E-01,-2.348500E-01,-2.574500E-01,-2.250500E-01,-2.546500E-01,-2.612000E-01
VTHI_A05B_PSVT10_X130X230Y230Y12_1_d06,,R,V,-5.493000E-01,-5.532000E-01,-5.413000E-01,-5.250000E-01,-5.659000E-01,-5.410000E-01,-5.681000E-01,-5.386000E-01,-5.261000E-01
IDLIN_A05C_PSVT10_X130X230Y230Y1D15_d12_1,,R,uA,-1.062000E+00,-1.058000E+00,-1.078000E+00,-1.089000E+00,-1.081000E+00,-1.066500E+00,-1.055500E+00,-1.056000E+00,-1.063500E+00
IDSAT_A05C_PSVT10_X130X230Y230Y1D15_d12_1,,R,mA,-4.321000E-03,-4.302000E-03,-4.587000E-03,-4.531000E-03,-4.510000E-03,-4.465500E-03,-4.378000E-03,-4.342000E-03,-4.407000E-03
VTHI_A05C_PSVT10_X130X230Y230Y1D15_d12_1,,R,V,-3.881000E-01,-3.908000E-01,-3.725000E-01,-3.786000E-01,-3.715000E-01,-3.789000E-01,-3.781000E-01,-3.847000E-01,-3.789000E-01
IDLIN_A05D_PSVT10_X130X230Y230Y1D3_d12_1,,R,uA,-1.059500E+00,-1.070500E+00,-1.058000E+00,-1.105500E+00,-1.069500E+00,-1.075000E+00,-1.078000E+00,-1.081000E+00,-1.060500E+00
IDSAT_A05D_PSVT10_X130X230Y230Y1D3_d12_1,,R,mA,-4.349500E-03,-4.354500E-03,-4.363000E-03,-4.605000E-03,-4.453000E-03,-4.491000E-03,-4.463000E-03,-4.334000E-03,-4.300000E-03
VTHI_A05D_PSVT10_X130X230Y230Y1D3_d12_1,,R,V,-3.945000E-01,-3.942000E-01,-3.857000E-01,-3.771000E-01,-3.776000E-01,-3.810000E-01,-3.735000E-01,-4.003000E-01,-3.915000E-01
IDLIN_A05E_PSVT10_X130X230Y230Y1D5_d12_1,,R,uA,-1.074500E+00,-1.053000E+00,-1.067500E+00,-1.069000E+00,-1.054500E+00,-1.062500E+00,-1.075500E+00,-1.079500E+00,-1.069000E+00
IDSAT_A05E_PSVT10_X130X230Y230Y1D5_d12_1,,R,mA,-4.526000E-03,-4.442500E-03,-4.492500E-03,-4.478000E-03,-4.450000E-03,-4.501000E-03,-4.528500E-03,-4.557500E-03,-4.509500E-03
VTHI_A05E_PSVT10_X130X230Y230Y1D5_d12_1,,R,V,-4.082000E-01,-3.993000E-01,-3.907000E-01,-4.023000E-01,-3.930000E-01,-3.907000E-01,-3.954000E-01,-3.829000E-01,-3.848000E-01
IDLIN_A05F_PSVT10_X130X230Y230Y11_d12_1,,R,uA,-1.081000E+00,-1.060500E+00,-1.062500E+00,-1.092500E+00,-1.088500E+00,-1.063500E+00,-1.087000E+00,-1.080500E+00,-1.082500E+00
IDSAT_A05F_PSVT10_X130X230Y230Y11_d12_1,,R,mA,-4.582500E-03,-4.551500E-03,-4.545500E-03,-4.704500E-03,-4.628500E-03,-4.467500E-03,-4.701000E-03,-4.567500E-03,-4.552500E-03
VTHI_A05F_PSVT10_X130X230Y230Y11_d12_1,,R,V,-3.910000E-01,-3.930000E-01,-3.936000E-01,-3.877000E-01,-3.881000E-01,-3.985000E-01,-3.789000E-01,-3.886000E-01,-4.102000E-01
IDLIN_A05G_PSVT10_X130X230Y230Y12_d12_1,,R,uA,-1.091000E+00,-1.105000E+00,-1.096000E+00,-1.138500E+00,-1.094500E+00,-1.109000E+00,-1.099000E+00,-1.129000E+00,-1.120500E+00
IDSAT_A05G_PSVT10_X130X230Y230Y12_d12_1,,R,mA,-4.613500E-03,-4.650500E-03,-4.637000E-03,-4.859500E-03,-4.598000E-03,-4.701500E-03,-4.669000E-03,-4.832500E-03,-4.756000E-03
VTHI_A05G_PSVT10_X130X230Y230Y12_d12_1,,R,V,-3.750000E-01,-3.745000E-01,-3.747000E-01,-3.661000E-01,-3.690000E-01,-3.698000E-01,-3.692000E-01,-3.604000E-01,-3.580000E-01
IDLIN_A05H_PSVT10_X130X230Y230Y1D15_d12_d06,,R,uA,-1.043000E+01,-9.937000E+00,-1.006050E+01,-1.013500E+01,-9.224500E+00,-9.994500E+00,-9.353000E+00,-8.735500E+00,-1.033500E+01
IDSAT_A05H_PSVT10_X130X230Y230Y1D15_d12_d06,,R,mA,-4.400500E-02,-4.204000E-02,-4.110500E-02,-4.181000E-02,-3.759000E-02,-4.011500E-02,-3.908000E-02,-3.353000E-02,-4.285500E-02
VTHI_A05H_PSVT10_X130X230Y230Y1D15_d12_d06,,R,V,-4.632000E-01,-4.605000E-01,-4.800000E-01,-4.895000E-01,-4.831000E-01,-4.856000E-01,-4.959000E-01,-5.640000E-01,-4.624000E-01
