=1x3
0,0,
=1x2
SYS_WAFERID,24
=426x202
VJIV_T26A_NCGD11N12288_3694_3790,,R,1,151,volts,0,0,,,,,,,,,,,,,,,,,,,,,,,,,,,,,,,,,,,,,,,,,,,,,,,,,,,,,,,,,,,,,,,,,,,,,,,,,,,,,,,,,,,,,,,,,,,,,,,,,,,,,,,,,,,,,,,,,,,,,,,,,,,,,,,,,,,,,,,,,,,,,,,,,,,,,,,,,,,,,,,,,,,,,,,,,,,,,,,,,,,,,,,,,,,,,,,,,,
,1,2,3,4,5,6,7,8,9,10,11,12,13,14,15,16,17,18,19,20,21,22,23,24,25,26,27,28,29,30,31,32,33,34,35,36,37,38,39,40,41,42,43,44,45,46,47,48,49,50,51,52,53,54,55,56,57,58,59,60,61,62,63,64,65,66,67,68,69,70,71,72,73,74,75,76,77,78,79,80,81,82,83,84,85,86,87,88,89,90,91,92,93,94,95,96,97,98,99,100,101,102,103,104,105,106,107,108,109,110,111,112,113,114,115,116,117,118,119,120,121,122,123,124,125,126,127,128,129,130,131,132,133,134,135,136,137,138,139,140,141,142,143,144,145,146,147,148,149,150,151,,,,,,,,,,,,,,,,,,,,,,,,,,,,,,,,,,,,,,,,,,,,,,,,,,
1,-2.000000E+00,-1.950000E+00,-1.900000E+00,-1.850000E+00,-1.800000E+00,-1.750000E+00,-1.700000E+00,-1.650000E+00,-1.600000E+00,-1.550000E+00,-1.500000E+00,-1.450000E+00,-1.400000E+00,-1.350000E+00,-1.300000E+00,-1.250000E+00,-1.200000E+00,-1.150000E+00,-1.100000E+00,-1.050000E+00,-1.000000E+00,-9.500000E-01,-9.000000E-01,-8.500000E-01,-8.000000E-01,-7.500000E-01,-7.000000E-01,-6.500000E-01,-6.000000E-01,-5.500000E-01,-5.000000E-01,-4.500000E-01,-4.000000E-01,-3.500000E-01,-3.000000E-01,-2.500000E-01,-2.000000E-01,-1.500000E-01,-1.000000E-01,-5.000000E-02,-0.000000E+00,+5.000000E-02,+1.000000E-01,+1.500000E-01,+2.000000E-01,+2.500000E-01,+3.000000E-01,+3.500000E-01,+4.000000E-01,+4.500000E-01,+5.000000E-01,+5.500000E-01,+6.000000E-01,+6.500000E-01,+7.000000E-01,+7.500000E-01,+8.000000E-01,+8.500000E-01,+9.000000E-01,+9.500000E-01,+1.000000E+00,+1.050000E+00,+1.100000E+00,+1.150000E+00,+1.200000E+00,-1.000000E+07,-1.000000E+07,-1.000000E+07,-1.000000E+07,-1.000000E+07,-1.000000E+07,-1.000000E+07,-1.000000E+07,-1.000000E+07,-1.000000E+07,-1.000000E+07,-1.000000E+07,-1.000000E+07,-1.000000E+07,-1.000000E+07,-1.000000E+07,-1.000000E+07,-1.000000E+07,-1.000000E+07,-1.000000E+07,-1.000000E+07,-1.000000E+07,-1.000000E+07,-1.000000E+07,-1.000000E+07,-1.000000E+07,-1.000000E+07,-1.000000E+07,-1.000000E+07,-1.000000E+07,-1.000000E+07,-1.000000E+07,-1.000000E+07,-1.000000E+07,-1.000000E+07,-1.000000E+07,-1.000000E+07,-1.000000E+07,-1.000000E+07,-1.000000E+07,-1.000000E+07,-1.000000E+07,-1.000000E+07,-1.000000E+07,-1.000000E+07,-1.000000E+07,-1.000000E+07,-1.000000E+07,-1.000000E+07,-1.000000E+07,-1.000000E+07,-1.000000E+07,-1.000000E+07,-1.000000E+07,-1.000000E+07,-1.000000E+07,-1.000000E+07,-1.000000E+07,-1.000000E+07,-1.000000E+07,-1.000000E+07,-1.000000E+07,-1.000000E+07,-1.000000E+07,-1.000000E+07,-1.000000E+07,-1.000000E+07,-1.000000E+07,-1.000000E+07,-1.000000E+07,-1.000000E+07,-1.000000E+07,-1.000000E+07,-1.000000E+07,-1.000000E+07,-1.000000E+07,-1.000000E+07,-1.000000E+07,-1.000000E+07,-1.000000E+07,-1.000000E+07,-1.000000E+07,-1.000000E+07,-1.000000E+07,-1.000000E+07,-1.000000E+07,,,,,,,,,,,,,,,,,,,,,,,,,,,,,,,,,,,,,,,,,,,,,,,,,,
IJ_T26A_NCGD11N12288_3694_3790,,R,1,151,A,0,0,,,,,,,,,,,,,,,,,,,,,,,,,,,,,,,,,,,,,,,,,,,,,,,,,,,,,,,,,,,,,,,,,,,,,,,,,,,,,,,,,,,,,,,,,,,,,,,,,,,,,,,,,,,,,,,,,,,,,,,,,,,,,,,,,,,,,,,,,,,,,,,,,,,,,,,,,,,,,,,,,,,,,,,,,,,,,,,,,,,,,,,,,,,,,,,,,,
,1,2,3,4,5,6,7,8,9,10,11,12,13,14,15,16,17,18,19,20,21,22,23,24,25,26,27,28,29,30,31,32,33,34,35,36,37,38,39,40,41,42,43,44,45,46,47,48,49,50,51,52,53,54,55,56,57,58,59,60,61,62,63,64,65,66,67,68,69,70,71,72,73,74,75,76,77,78,79,80,81,82,83,84,85,86,87,88,89,90,91,92,93,94,95,96,97,98,99,100,101,102,103,104,105,106,107,108,109,110,111,112,113,114,115,116,117,118,119,120,121,122,123,124,125,126,127,128,129,130,131,132,133,134,135,136,137,138,139,140,141,142,143,144,145,146,147,148,149,150,151,,,,,,,,,,,,,,,,,,,,,,,,,,,,,,,,,,,,,,,,,,,,,,,,,,
1,-7.660860E-08,-7.047430E-08,-6.658120E-08,-6.341340E-08,-6.061150E-08,-5.795260E-08,-5.534370E-08,-5.287460E-08,-5.047130E-08,-4.807680E-08,-4.580200E-08,-4.357130E-08,-4.133600E-08,-3.916990E-08,-3.700070E-08,-3.478000E-08,-3.255690E-08,-3.026060E-08,-2.783670E-08,-2.539490E-08,-2.289010E-08,-2.032960E-08,-1.784170E-08,-1.544350E-08,-1.314180E-08,-1.104820E-08,-9.189940E-09,-7.487510E-09,-6.032000E-09,-4.789420E-09,-3.731170E-09,-2.876630E-09,-2.184030E-09,-1.624310E-09,-1.193360E-09,-8.602360E-10,-5.969200E-10,-4.022700E-10,-2.522680E-10,-1.245910E-10,+8.921000E-12,+2.198850E-10,+6.928050E-10,+1.892590E-09,+5.080960E-09,+1.372340E-08,+3.619940E-08,+9.401400E-08,+2.443430E-07,+6.322900E-07,+1.740310E-06,+5.339390E-06,+1.948140E-05,+7.889630E-05,+2.535180E-04,+5.742650E-04,+1.016499E-03,+1.537130E-03,+2.120980E-03,+2.766530E-03,+3.441850E-03,+4.151990E-03,+4.899350E-03,+5.658810E-03,+6.435650E-03,-1.000000E+07,-1.000000E+07,-1.000000E+07,-1.000000E+07,-1.000000E+07,-1.000000E+07,-1.000000E+07,-1.000000E+07,-1.000000E+07,-1.000000E+07,-1.000000E+07,-1.000000E+07,-1.000000E+07,-1.000000E+07,-1.000000E+07,-1.000000E+07,-1.000000E+07,-1.000000E+07,-1.000000E+07,-1.000000E+07,-1.000000E+07,-1.000000E+07,-1.000000E+07,-1.000000E+07,-1.000000E+07,-1.000000E+07,-1.000000E+07,-1.000000E+07,-1.000000E+07,-1.000000E+07,-1.000000E+07,-1.000000E+07,-1.000000E+07,-1.000000E+07,-1.000000E+07,-1.000000E+07,-1.000000E+07,-1.000000E+07,-1.000000E+07,-1.000000E+07,-1.000000E+07,-1.000000E+07,-1.000000E+07,-1.000000E+07,-1.000000E+07,-1.000000E+07,-1.000000E+07,-1.000000E+07,-1.000000E+07,-1.000000E+07,-1.000000E+07,-1.000000E+07,-1.000000E+07,-1.000000E+07,-1.000000E+07,-1.000000E+07,-1.000000E+07,-1.000000E+07,-1.000000E+07,-1.000000E+07,-1.000000E+07,-1.000000E+07,-1.000000E+07,-1.000000E+07,-1.000000E+07,-1.000000E+07,-1.000000E+07,-1.000000E+07,-1.000000E+07,-1.000000E+07,-1.000000E+07,-1.000000E+07,-1.000000E+07,-1.000000E+07,-1.000000E+07,-1.000000E+07,-1.000000E+07,-1.000000E+07,-1.000000E+07,-1.000000E+07,-1.000000E+07,-1.000000E+07,-1.000000E+07,-1.000000E+07,-1.000000E+07,-1.000000E+07,,,,,,,,,,,,,,,,,,,,,,,,,,,,,,,,,,,,,,,,,,,,,,,,,,
VBIASDIO_T26A_NCGD11N12288_3694_3790,,R,1,100,volts,0,0,,,,,,,,,,,,,,,,,,,,,,,,,,,,,,,,,,,,,,,,,,,,,,,,,,,,,,,,,,,,,,,,,,,,,,,,,,,,,,,,,,,,,,,,,,,,,,,,,,,,,,,,,,,,,,,,,,,,,,,,,,,,,,,,,,,,,,,,,,,,,,,,,,,,,,,,,,,,,,,,,,,,,,,,,,,,,,,,,,,,,,,,,,,,,,,,,,
,1,2,3,4,5,6,7,8,9,10,11,12,13,14,15,16,17,18,19,20,21,22,23,24,25,26,27,28,29,30,31,32,33,34,35,36,37,38,39,40,41,42,43,44,45,46,47,48,49,50,51,52,53,54,55,56,57,58,59,60,61,62,63,64,65,66,67,68,69,70,71,72,73,74,75,76,77,78,79,80,81,82,83,84,85,86,87,88,89,90,91,92,93,94,95,96,97,98,99,100,,,,,,,,,,,,,,,,,,,,,,,,,,,,,,,,,,,,,,,,,,,,,,,,,,,,,,,,,,,,,,,,,,,,,,,,,,,,,,,,,,,,,,,,,,,,,,,,,,,,,
1,+0.000000E+00,+5.000000E-02,+1.000000E-01,+1.500000E-01,+2.000000E-01,+2.500000E-01,+3.000000E-01,+3.500000E-01,+4.000000E-01,+4.500000E-01,+5.000000E-01,+5.500000E-01,+6.000000E-01,+6.500000E-01,+7.000000E-01,+7.500000E-01,+8.000000E-01,+8.500000E-01,+9.000000E-01,+9.500000E-01,+1.000000E+00,+1.050000E+00,+1.100000E+00,+1.150000E+00,+1.200000E+00,+1.250000E+00,+1.300000E+00,+1.350000E+00,+1.400000E+00,+1.450000E+00,+1.500000E+00,+1.550000E+00,+1.600000E+00,+1.650000E+00,+1.700000E+00,+1.750000E+00,+1.800000E+00,+1.850000E+00,+1.900000E+00,+1.950000E+00,+2.000000E+00,+2.050000E+00,+2.100000E+00,+2.150000E+00,+2.200000E+00,+2.250000E+00,+2.300000E+00,+2.350000E+00,+2.400000E+00,+2.450000E+00,+2.500000E+00,+2.550000E+00,+2.600000E+00,+2.650000E+00,+2.700000E+00,+2.750000E+00,+2.800000E+00,+2.850000E+00,+2.900000E+00,+2.950000E+00,+3.000000E+00,+3.050000E+00,+3.100000E+00,+3.150000E+00,+3.200000E+00,+3.250000E+00,+3.300000E+00,+3.350000E+00,+3.400000E+00,+3.450000E+00,+3.500000E+00,+3.550000E+00,+3.600000E+00,+0.000000E+00,+0.000000E+00,+0.000000E+00,+0.000000E+00,+0.000000E+00,+0.000000E+00,+0.000000E+00,+0.000000E+00,+0.000000E+00,+0.000000E+00,+0.000000E+00,+0.000000E+00,+0.000000E+00,+0.000000E+00,+0.000000E+00,+0.000000E+00,+0.000000E+00,+0.000000E+00,+0.000000E+00,+0.000000E+00,+0.000000E+00,+0.000000E+00,+0.000000E+00,+0.000000E+00,+0.000000E+00,+0.000000E+00,+0.000000E+00,,,,,,,,,,,,,,,,,,,,,,,,,,,,,,,,,,,,,,,,,,,,,,,,,,,,,,,,,,,,,,,,,,,,,,,,,,,,,,,,,,,,,,,,,,,,,,,,,,,,,
CJ_T26A_NCGD11N12288_3694_3790,,R,1,100,pF,0,0,,,,,,,,,,,,,,,,,,,,,,,,,,,,,,,,,,,,,,,,,,,,,,,,,,,,,,,,,,,,,,,,,,,,,,,,,,,,,,,,,,,,,,,,,,,,,,,,,,,,,,,,,,,,,,,,,,,,,,,,,,,,,,,,,,,,,,,,,,,,,,,,,,,,,,,,,,,,,,,,,,,,,,,,,,,,,,,,,,,,,,,,,,,,,,,,,,
,1,2,3,4,5,6,7,8,9,10,11,12,13,14,15,16,17,18,19,20,21,22,23,24,25,26,27,28,29,30,31,32,33,34,35,36,37,38,39,40,41,42,43,44,45,46,47,48,49,50,51,52,53,54,55,56,57,58,59,60,61,62,63,64,65,66,67,68,69,70,71,72,73,74,75,76,77,78,79,80,81,82,83,84,85,86,87,88,89,90,91,92,93,94,95,96,97,98,99,100,,,,,,,,,,,,,,,,,,,,,,,,,,,,,,,,,,,,,,,,,,,,,,,,,,,,,,,,,,,,,,,,,,,,,,,,,,,,,,,,,,,,,,,,,,,,,,,,,,,,,
1,+1.876068E+01,+1.818873E+01,+1.764908E+01,+1.713932E+01,+1.665515E+01,+1.618857E+01,+1.574219E+01,+1.530851E+01,+1.488602E+01,+1.446933E+01,+1.405474E+01,+1.364265E+01,+1.322736E+01,+1.280017E+01,+1.236108E+01,+1.190540E+01,+1.143062E+01,+1.093705E+01,+1.042658E+01,+9.911811E+00,+9.402338E+00,+8.917998E+00,+8.474187E+00,+8.082343E+00,+7.749674E+00,+7.473302E+00,+7.247357E+00,+7.062452E+00,+6.908540E+00,+6.777832E+00,+6.665329E+00,+6.562595E+00,+6.470507E+00,+6.385978E+00,+6.307008E+00,+6.235406E+00,+6.164744E+00,+6.100430E+00,+6.039846E+00,+5.981450E+00,+5.927034E+00,+5.872938E+00,+5.823541E+00,+5.775643E+00,+5.730746E+00,+5.687067E+00,+5.645008E+00,+5.605829E+00,+5.566659E+00,+5.527900E+00,+5.492949E+00,+5.456229E+00,+5.423438E+00,+5.389058E+00,+5.358496E+00,+5.327095E+00,+5.297194E+00,+5.268962E+00,+5.240700E+00,+5.214018E+00,+5.187546E+00,+5.161804E+00,+5.137022E+00,+5.111679E+00,+5.088077E+00,+5.066164E+00,+5.042172E+00,+5.020669E+00,+4.998916E+00,+4.978663E+00,+4.957530E+00,+4.934968E+00,+4.917254E+00,+0.000000E+00,+0.000000E+00,+0.000000E+00,+0.000000E+00,+0.000000E+00,+0.000000E+00,+0.000000E+00,+0.000000E+00,+0.000000E+00,+0.000000E+00,+0.000000E+00,+0.000000E+00,+0.000000E+00,+0.000000E+00,+0.000000E+00,+0.000000E+00,+0.000000E+00,+0.000000E+00,+0.000000E+00,+0.000000E+00,+0.000000E+00,+0.000000E+00,+0.000000E+00,+0.000000E+00,+0.000000E+00,+0.000000E+00,+0.000000E+00,,,,,,,,,,,,,,,,,,,,,,,,,,,,,,,,,,,,,,,,,,,,,,,,,,,,,,,,,,,,,,,,,,,,,,,,,,,,,,,,,,,,,,,,,,,,,,,,,,,,,
VJIV_T26B_NCGDLVT11N12288_3694_3790,,R,1,151,volts,0,0,,,,,,,,,,,,,,,,,,,,,,,,,,,,,,,,,,,,,,,,,,,,,,,,,,,,,,,,,,,,,,,,,,,,,,,,,,,,,,,,,,,,,,,,,,,,,,,,,,,,,,,,,,,,,,,,,,,,,,,,,,,,,,,,,,,,,,,,,,,,,,,,,,,,,,,,,,,,,,,,,,,,,,,,,,,,,,,,,,,,,,,,,,,,,,,,,,
,1,2,3,4,5,6,7,8,9,10,11,12,13,14,15,16,17,18,19,20,21,22,23,24,25,26,27,28,29,30,31,32,33,34,35,36,37,38,39,40,41,42,43,44,45,46,47,48,49,50,51,52,53,54,55,56,57,58,59,60,61,62,63,64,65,66,67,68,69,70,71,72,73,74,75,76,77,78,79,80,81,82,83,84,85,86,87,88,89,90,91,92,93,94,95,96,97,98,99,100,101,102,103,104,105,106,107,108,109,110,111,112,113,114,115,116,117,118,119,120,121,122,123,124,125,126,127,128,129,130,131,132,133,134,135,136,137,138,139,140,141,142,143,144,145,146,147,148,149,150,151,,,,,,,,,,,,,,,,,,,,,,,,,,,,,,,,,,,,,,,,,,,,,,,,,,
1,-2.000000E+00,-1.950000E+00,-1.900000E+00,-1.850000E+00,-1.800000E+00,-1.750000E+00,-1.700000E+00,-1.650000E+00,-1.600000E+00,-1.550000E+00,-1.500000E+00,-1.450000E+00,-1.400000E+00,-1.350000E+00,-1.300000E+00,-1.250000E+00,-1.200000E+00,-1.150000E+00,-1.100000E+00,-1.050000E+00,-1.000000E+00,-9.500000E-01,-9.000000E-01,-8.500000E-01,-8.000000E-01,-7.500000E-01,-7.000000E-01,-6.500000E-01,-6.000000E-01,-5.500000E-01,-5.000000E-01,-4.500000E-01,-4.000000E-01,-3.500000E-01,-3.000000E-01,-2.500000E-01,-2.000000E-01,-1.500000E-01,-1.000000E-01,-5.000000E-02,-0.000000E+00,+5.000000E-02,+1.000000E-01,+1.500000E-01,+2.000000E-01,+2.500000E-01,+3.000000E-01,+3.500000E-01,+4.000000E-01,+4.500000E-01,+5.000000E-01,+5.500000E-01,+6.000000E-01,+6.500000E-01,+7.000000E-01,+7.500000E-01,+8.000000E-01,+8.500000E-01,+9.000000E-01,+9.500000E-01,+1.000000E+00,+1.050000E+00,+1.100000E+00,+1.150000E+00,+1.200000E+00,-1.000000E+07,-1.000000E+07,-1.000000E+07,-1.000000E+07,-1.000000E+07,-1.000000E+07,-1.000000E+07,-1.000000E+07,-1.000000E+07,-1.000000E+07,-1.000000E+07,-1.000000E+07,-1.000000E+07,-1.000000E+07,-1.000000E+07,-1.000000E+07,-1.000000E+07,-1.000000E+07,-1.000000E+07,-1.000000E+07,-1.000000E+07,-1.000000E+07,-1.000000E+07,-1.000000E+07,-1.000000E+07,-1.000000E+07,-1.000000E+07,-1.000000E+07,-1.000000E+07,-1.000000E+07,-1.000000E+07,-1.000000E+07,-1.000000E+07,-1.000000E+07,-1.000000E+07,-1.000000E+07,-1.000000E+07,-1.000000E+07,-1.000000E+07,-1.000000E+07,-1.000000E+07,-1.000000E+07,-1.000000E+07,-1.000000E+07,-1.000000E+07,-1.000000E+07,-1.000000E+07,-1.000000E+07,-1.000000E+07,-1.000000E+07,-1.000000E+07,-1.000000E+07,-1.000000E+07,-1.000000E+07,-1.000000E+07,-1.000000E+07,-1.000000E+07,-1.000000E+07,-1.000000E+07,-1.000000E+07,-1.000000E+07,-1.000000E+07,-1.000000E+07,-1.000000E+07,-1.000000E+07,-1.000000E+07,-1.000000E+07,-1.000000E+07,-1.000000E+07,-1.000000E+07,-1.000000E+07,-1.000000E+07,-1.000000E+07,-1.000000E+07,-1.000000E+07,-1.000000E+07,-1.000000E+07,-1.000000E+07,-1.000000E+07,-1.000000E+07,-1.000000E+07,-1.000000E+07,-1.000000E+07,-1.000000E+07,-1.000000E+07,-1.000000E+07,,,,,,,,,,,,,,,,,,,,,,,,,,,,,,,,,,,,,,,,,,,,,,,,,,
IJ_T26B_NCGDLVT11N12288_3694_3790,,R,1,151,A,0,0,,,,,,,,,,,,,,,,,,,,,,,,,,,,,,,,,,,,,,,,,,,,,,,,,,,,,,,,,,,,,,,,,,,,,,,,,,,,,,,,,,,,,,,,,,,,,,,,,,,,,,,,,,,,,,,,,,,,,,,,,,,,,,,,,,,,,,,,,,,,,,,,,,,,,,,,,,,,,,,,,,,,,,,,,,,,,,,,,,,,,,,,,,,,,,,,,,
,1,2,3,4,5,6,7,8,9,10,11,12,13,14,15,16,17,18,19,20,21,22,23,24,25,26,27,28,29,30,31,32,33,34,35,36,37,38,39,40,41,42,43,44,45,46,47,48,49,50,51,52,53,54,55,56,57,58,59,60,61,62,63,64,65,66,67,68,69,70,71,72,73,74,75,76,77,78,79,80,81,82,83,84,85,86,87,88,89,90,91,92,93,94,95,96,97,98,99,100,101,102,103,104,105,106,107,108,109,110,111,112,113,114,115,116,117,118,119,120,121,122,123,124,125,126,127,128,129,130,131,132,133,134,135,136,137,138,139,140,141,142,143,144,145,146,147,148,149,150,151,,,,,,,,,,,,,,,,,,,,,,,,,,,,,,,,,,,,,,,,,,,,,,,,,,
1,-8.771840E-09,-8.250240E-09,-7.817890E-09,-7.399000E-09,-7.005660E-09,-6.630190E-09,-6.266190E-09,-5.925180E-09,-5.600160E-09,-5.282790E-09,-4.985530E-09,-4.701300E-09,-4.425240E-09,-4.167640E-09,-3.917510E-09,-3.677430E-09,-3.451410E-09,-3.233320E-09,-3.019140E-09,-2.815470E-09,-2.616190E-09,-2.418590E-09,-2.224700E-09,-2.030230E-09,-1.832520E-09,-1.634670E-09,-1.437320E-09,-1.240020E-09,-1.051840E-09,-8.782010E-10,-7.129800E-10,-5.696710E-10,-4.455120E-10,-3.392580E-10,-2.536100E-10,-1.848380E-10,-1.304640E-10,-8.890000E-11,-5.685600E-11,-2.883500E-11,+2.940000E-12,+6.877900E-11,+2.594070E-10,+7.839000E-10,+2.220790E-09,+6.130690E-09,+1.618150E-08,+4.287210E-08,+1.189590E-07,+3.411310E-07,+1.083283E-06,+3.865300E-06,+1.619520E-05,+7.369080E-05,+2.579470E-04,+6.106630E-04,+1.098037E-03,+1.665600E-03,+2.294730E-03,+2.983820E-03,+3.699270E-03,+4.447500E-03,+5.231780E-03,+6.026060E-03,+6.836610E-03,-1.000000E+07,-1.000000E+07,-1.000000E+07,-1.000000E+07,-1.000000E+07,-1.000000E+07,-1.000000E+07,-1.000000E+07,-1.000000E+07,-1.000000E+07,-1.000000E+07,-1.000000E+07,-1.000000E+07,-1.000000E+07,-1.000000E+07,-1.000000E+07,-1.000000E+07,-1.000000E+07,-1.000000E+07,-1.000000E+07,-1.000000E+07,-1.000000E+07,-1.000000E+07,-1.000000E+07,-1.000000E+07,-1.000000E+07,-1.000000E+07,-1.000000E+07,-1.000000E+07,-1.000000E+07,-1.000000E+07,-1.000000E+07,-1.000000E+07,-1.000000E+07,-1.000000E+07,-1.000000E+07,-1.000000E+07,-1.000000E+07,-1.000000E+07,-1.000000E+07,-1.000000E+07,-1.000000E+07,-1.000000E+07,-1.000000E+07,-1.000000E+07,-1.000000E+07,-1.000000E+07,-1.000000E+07,-1.000000E+07,-1.000000E+07,-1.000000E+07,-1.000000E+07,-1.000000E+07,-1.000000E+07,-1.000000E+07,-1.000000E+07,-1.000000E+07,-1.000000E+07,-1.000000E+07,-1.000000E+07,-1.000000E+07,-1.000000E+07,-1.000000E+07,-1.000000E+07,-1.000000E+07,-1.000000E+07,-1.000000E+07,-1.000000E+07,-1.000000E+07,-1.000000E+07,-1.000000E+07,-1.000000E+07,-1.000000E+07,-1.000000E+07,-1.000000E+07,-1.000000E+07,-1.000000E+07,-1.000000E+07,-1.000000E+07,-1.000000E+07,-1.000000E+07,-1.000000E+07,-1.000000E+07,-1.000000E+07,-1.000000E+07,-1.000000E+07,,,,,,,,,,,,,,,,,,,,,,,,,,,,,,,,,,,,,,,,,,,,,,,,,,
VBIASDIO_T26B_NCGDLVT11N12288_3694_3790,,R,1,100,volts,0,0,,,,,,,,,,,,,,,,,,,,,,,,,,,,,,,,,,,,,,,,,,,,,,,,,,,,,,,,,,,,,,,,,,,,,,,,,,,,,,,,,,,,,,,,,,,,,,,,,,,,,,,,,,,,,,,,,,,,,,,,,,,,,,,,,,,,,,,,,,,,,,,,,,,,,,,,,,,,,,,,,,,,,,,,,,,,,,,,,,,,,,,,,,,,,,,,,,
,1,2,3,4,5,6,7,8,9,10,11,12,13,14,15,16,17,18,19,20,21,22,23,24,25,26,27,28,29,30,31,32,33,34,35,36,37,38,39,40,41,42,43,44,45,46,47,48,49,50,51,52,53,54,55,56,57,58,59,60,61,62,63,64,65,66,67,68,69,70,71,72,73,74,75,76,77,78,79,80,81,82,83,84,85,86,87,88,89,90,91,92,93,94,95,96,97,98,99,100,,,,,,,,,,,,,,,,,,,,,,,,,,,,,,,,,,,,,,,,,,,,,,,,,,,,,,,,,,,,,,,,,,,,,,,,,,,,,,,,,,,,,,,,,,,,,,,,,,,,,
1,+0.000000E+00,+5.000000E-02,+1.000000E-01,+1.500000E-01,+2.000000E-01,+2.500000E-01,+3.000000E-01,+3.500000E-01,+4.000000E-01,+4.500000E-01,+5.000000E-01,+5.500000E-01,+6.000000E-01,+6.500000E-01,+7.000000E-01,+7.500000E-01,+8.000000E-01,+8.500000E-01,+9.000000E-01,+9.500000E-01,+1.000000E+00,+1.050000E+00,+1.100000E+00,+1.150000E+00,+1.200000E+00,+1.250000E+00,+1.300000E+00,+1.350000E+00,+1.400000E+00,+1.450000E+00,+1.500000E+00,+1.550000E+00,+1.600000E+00,+1.650000E+00,+1.700000E+00,+1.750000E+00,+1.800000E+00,+1.850000E+00,+1.900000E+00,+1.950000E+00,+2.000000E+00,+2.050000E+00,+2.100000E+00,+2.150000E+00,+2.200000E+00,+2.250000E+00,+2.300000E+00,+2.350000E+00,+2.400000E+00,+2.450000E+00,+2.500000E+00,+2.550000E+00,+2.600000E+00,+2.650000E+00,+2.700000E+00,+2.750000E+00,+2.800000E+00,+2.850000E+00,+2.900000E+00,+2.950000E+00,+3.000000E+00,+3.050000E+00,+3.100000E+00,+3.150000E+00,+3.200000E+00,+3.250000E+00,+3.300000E+00,+3.350000E+00,+3.400000E+00,+3.450000E+00,+3.500000E+00,+3.550000E+00,+3.600000E+00,+0.000000E+00,+0.000000E+00,+0.000000E+00,+0.000000E+00,+0.000000E+00,+0.000000E+00,+0.000000E+00,+0.000000E+00,+0.000000E+00,+0.000000E+00,+0.000000E+00,+0.000000E+00,+0.000000E+00,+0.000000E+00,+0.000000E+00,+0.000000E+00,+0.000000E+00,+0.000000E+00,+0.000000E+00,+0.000000E+00,+0.000000E+00,+0.000000E+00,+0.000000E+00,+0.000000E+00,+0.000000E+00,+0.000000E+00,+0.000000E+00,,,,,,,,,,,,,,,,,,,,,,,,,,,,,,,,,,,,,,,,,,,,,,,,,,,,,,,,,,,,,,,,,,,,,,,,,,,,,,,,,,,,,,,,,,,,,,,,,,,,,
CJ_T26B_NCGDLVT11N12288_3694_3790,,R,1,100,pF,0,0,,,,,,,,,,,,,,,,,,,,,,,,,,,,,,,,,,,,,,,,,,,,,,,,,,,,,,,,,,,,,,,,,,,,,,,,,,,,,,,,,,,,,,,,,,,,,,,,,,,,,,,,,,,,,,,,,,,,,,,,,,,,,,,,,,,,,,,,,,,,,,,,,,,,,,,,,,,,,,,,,,,,,,,,,,,,,,,,,,,,,,,,,,,,,,,,,,
,1,2,3,4,5,6,7,8,9,10,11,12,13,14,15,16,17,18,19,20,21,22,23,24,25,26,27,28,29,30,31,32,33,34,35,36,37,38,39,40,41,42,43,44,45,46,47,48,49,50,51,52,53,54,55,56,57,58,59,60,61,62,63,64,65,66,67,68,69,70,71,72,73,74,75,76,77,78,79,80,81,82,83,84,85,86,87,88,89,90,91,92,93,94,95,96,97,98,99,100,,,,,,,,,,,,,,,,,,,,,,,,,,,,,,,,,,,,,,,,,,,,,,,,,,,,,,,,,,,,,,,,,,,,,,,,,,,,,,,,,,,,,,,,,,,,,,,,,,,,,
1,+1.718726E+01,+1.659272E+01,+1.602128E+01,+1.547322E+01,+1.493896E+01,+1.441470E+01,+1.389174E+01,+1.336488E+01,+1.283111E+01,+1.228306E+01,+1.172190E+01,+1.115165E+01,+1.057879E+01,+1.001343E+01,+9.474271E+00,+8.977705E+00,+8.539964E+00,+8.166747E+00,+7.853454E+00,+7.597608E+00,+7.385480E+00,+7.208803E+00,+7.059140E+00,+6.926142E+00,+6.808921E+00,+6.703337E+00,+6.606501E+00,+6.516303E+00,+6.432274E+00,+6.356072E+00,+6.281591E+00,+6.212758E+00,+6.146194E+00,+6.085669E+00,+6.024814E+00,+5.970357E+00,+5.917300E+00,+5.866472E+00,+5.816305E+00,+5.768446E+00,+5.725657E+00,+5.681858E+00,+5.639639E+00,+5.599919E+00,+5.560988E+00,+5.524117E+00,+5.488416E+00,+5.453485E+00,+5.420963E+00,+5.388771E+00,+5.356879E+00,+5.326027E+00,+5.295794E+00,+5.266832E+00,+5.240138E+00,+5.213385E+00,+5.186292E+00,+5.159439E+00,+5.135295E+00,+5.111091E+00,+5.086868E+00,+5.064463E+00,+5.041729E+00,+5.020205E+00,+4.997611E+00,+4.977876E+00,+4.956891E+00,+4.937327E+00,+4.917402E+00,+4.898677E+00,+4.880102E+00,+4.861827E+00,+4.842792E+00,+0.000000E+00,+0.000000E+00,+0.000000E+00,+0.000000E+00,+0.000000E+00,+0.000000E+00,+0.000000E+00,+0.000000E+00,+0.000000E+00,+0.000000E+00,+0.000000E+00,+0.000000E+00,+0.000000E+00,+0.000000E+00,+0.000000E+00,+0.000000E+00,+0.000000E+00,+0.000000E+00,+0.000000E+00,+0.000000E+00,+0.000000E+00,+0.000000E+00,+0.000000E+00,+0.000000E+00,+0.000000E+00,+0.000000E+00,+0.000000E+00,,,,,,,,,,,,,,,,,,,,,,,,,,,,,,,,,,,,,,,,,,,,,,,,,,,,,,,,,,,,,,,,,,,,,,,,,,,,,,,,,,,,,,,,,,,,,,,,,,,,,
VJIV_T26C_NCGD18N12288_5417_5513,,R,1,151,volts,0,0,,,,,,,,,,,,,,,,,,,,,,,,,,,,,,,,,,,,,,,,,,,,,,,,,,,,,,,,,,,,,,,,,,,,,,,,,,,,,,,,,,,,,,,,,,,,,,,,,,,,,,,,,,,,,,,,,,,,,,,,,,,,,,,,,,,,,,,,,,,,,,,,,,,,,,,,,,,,,,,,,,,,,,,,,,,,,,,,,,,,,,,,,,,,,,,,,,
,1,2,3,4,5,6,7,8,9,10,11,12,13,14,15,16,17,18,19,20,21,22,23,24,25,26,27,28,29,30,31,32,33,34,35,36,37,38,39,40,41,42,43,44,45,46,47,48,49,50,51,52,53,54,55,56,57,58,59,60,61,62,63,64,65,66,67,68,69,70,71,72,73,74,75,76,77,78,79,80,81,82,83,84,85,86,87,88,89,90,91,92,93,94,95,96,97,98,99,100,101,102,103,104,105,106,107,108,109,110,111,112,113,114,115,116,117,118,119,120,121,122,123,124,125,126,127,128,129,130,131,132,133,134,135,136,137,138,139,140,141,142,143,144,145,146,147,148,149,150,151,,,,,,,,,,,,,,,,,,,,,,,,,,,,,,,,,,,,,,,,,,,,,,,,,,
1,-2.000000E+00,-1.950000E+00,-1.900000E+00,-1.850000E+00,-1.800000E+00,-1.750000E+00,-1.700000E+00,-1.650000E+00,-1.600000E+00,-1.550000E+00,-1.500000E+00,-1.450000E+00,-1.400000E+00,-1.350000E+00,-1.300000E+00,-1.250000E+00,-1.200000E+00,-1.150000E+00,-1.100000E+00,-1.050000E+00,-1.000000E+00,-9.500000E-01,-9.000000E-01,-8.500000E-01,-8.000000E-01,-7.500000E-01,-7.000000E-01,-6.500000E-01,-6.000000E-01,-5.500000E-01,-5.000000E-01,-4.500000E-01,-4.000000E-01,-3.500000E-01,-3.000000E-01,-2.500000E-01,-2.000000E-01,-1.500000E-01,-1.000000E-01,-5.000000E-02,-0.000000E+00,+5.000000E-02,+1.000000E-01,+1.500000E-01,+2.000000E-01,+2.500000E-01,+3.000000E-01,+3.500000E-01,+4.000000E-01,+4.500000E-01,+5.000000E-01,+5.500000E-01,+6.000000E-01,+6.500000E-01,+7.000000E-01,+7.500000E-01,+8.000000E-01,+8.500000E-01,+9.000000E-01,+9.500000E-01,+1.000000E+00,+1.050000E+00,+1.100000E+00,+1.150000E+00,+1.200000E+00,-1.000000E+07,-1.000000E+07,-1.000000E+07,-1.000000E+07,-1.000000E+07,-1.000000E+07,-1.000000E+07,-1.000000E+07,-1.000000E+07,-1.000000E+07,-1.000000E+07,-1.000000E+07,-1.000000E+07,-1.000000E+07,-1.000000E+07,-1.000000E+07,-1.000000E+07,-1.000000E+07,-1.000000E+07,-1.000000E+07,-1.000000E+07,-1.000000E+07,-1.000000E+07,-1.000000E+07,-1.000000E+07,-1.000000E+07,-1.000000E+07,-1.000000E+07,-1.000000E+07,-1.000000E+07,-1.000000E+07,-1.000000E+07,-1.000000E+07,-1.000000E+07,-1.000000E+07,-1.000000E+07,-1.000000E+07,-1.000000E+07,-1.000000E+07,-1.000000E+07,-1.000000E+07,-1.000000E+07,-1.000000E+07,-1.000000E+07,-1.000000E+07,-1.000000E+07,-1.000000E+07,-1.000000E+07,-1.000000E+07,-1.000000E+07,-1.000000E+07,-1.000000E+07,-1.000000E+07,-1.000000E+07,-1.000000E+07,-1.000000E+07,-1.000000E+07,-1.000000E+07,-1.000000E+07,-1.000000E+07,-1.000000E+07,-1.000000E+07,-1.000000E+07,-1.000000E+07,-1.000000E+07,-1.000000E+07,-1.000000E+07,-1.000000E+07,-1.000000E+07,-1.000000E+07,-1.000000E+07,-1.000000E+07,-1.000000E+07,-1.000000E+07,-1.000000E+07,-1.000000E+07,-1.000000E+07,-1.000000E+07,-1.000000E+07,-1.000000E+07,-1.000000E+07,-1.000000E+07,-1.000000E+07,-1.000000E+07,-1.000000E+07,-1.000000E+07,,,,,,,,,,,,,,,,,,,,,,,,,,,,,,,,,,,,,,,,,,,,,,,,,,
IJ_T26C_NCGD18N12288_5417_5513,,R,1,151,A,0,0,,,,,,,,,,,,,,,,,,,,,,,,,,,,,,,,,,,,,,,,,,,,,,,,,,,,,,,,,,,,,,,,,,,,,,,,,,,,,,,,,,,,,,,,,,,,,,,,,,,,,,,,,,,,,,,,,,,,,,,,,,,,,,,,,,,,,,,,,,,,,,,,,,,,,,,,,,,,,,,,,,,,,,,,,,,,,,,,,,,,,,,,,,,,,,,,,,
,1,2,3,4,5,6,7,8,9,10,11,12,13,14,15,16,17,18,19,20,21,22,23,24,25,26,27,28,29,30,31,32,33,34,35,36,37,38,39,40,41,42,43,44,45,46,47,48,49,50,51,52,53,54,55,56,57,58,59,60,61,62,63,64,65,66,67,68,69,70,71,72,73,74,75,76,77,78,79,80,81,82,83,84,85,86,87,88,89,90,91,92,93,94,95,96,97,98,99,100,101,102,103,104,105,106,107,108,109,110,111,112,113,114,115,116,117,118,119,120,121,122,123,124,125,126,127,128,129,130,131,132,133,134,135,136,137,138,139,140,141,142,143,144,145,146,147,148,149,150,151,,,,,,,,,,,,,,,,,,,,,,,,,,,,,,,,,,,,,,,,,,,,,,,,,,
1,-2.586130E-07,-1.402750E-07,-7.592980E-08,-4.141210E-08,-2.287070E-08,-1.276350E-08,-6.951610E-09,-3.925790E-09,-2.291440E-09,-1.382010E-09,-8.644240E-10,-5.776650E-10,-4.011900E-10,-2.923890E-10,-2.203730E-10,-1.698490E-10,-1.350810E-10,-1.081450E-10,-8.803400E-11,-7.225200E-11,-5.921300E-11,-4.953700E-11,-4.116000E-11,-3.422500E-11,-2.917900E-11,-2.388900E-11,-2.066900E-11,-1.742200E-11,-1.443300E-11,-1.275900E-11,-1.017900E-11,-9.018000E-12,-7.897000E-12,-5.992000E-12,-5.821000E-12,-4.458000E-12,-3.630000E-12,-2.799000E-12,-1.950000E-12,-1.957000E-12,-4.010000E-13,+4.422000E-12,+1.763900E-11,+6.767400E-11,+2.362830E-10,+8.118150E-10,+2.698190E-09,+9.092060E-09,+3.298250E-08,+1.307020E-07,+6.128380E-07,+3.235850E-06,+1.835210E-05,+9.632340E-05,+3.282480E-04,+7.221410E-04,+1.232770E-03,+1.812090E-03,+2.448870E-03,+3.143850E-03,+3.864500E-03,+4.618150E-03,+5.408520E-03,+6.209290E-03,+7.027210E-03,-1.000000E+07,-1.000000E+07,-1.000000E+07,-1.000000E+07,-1.000000E+07,-1.000000E+07,-1.000000E+07,-1.000000E+07,-1.000000E+07,-1.000000E+07,-1.000000E+07,-1.000000E+07,-1.000000E+07,-1.000000E+07,-1.000000E+07,-1.000000E+07,-1.000000E+07,-1.000000E+07,-1.000000E+07,-1.000000E+07,-1.000000E+07,-1.000000E+07,-1.000000E+07,-1.000000E+07,-1.000000E+07,-1.000000E+07,-1.000000E+07,-1.000000E+07,-1.000000E+07,-1.000000E+07,-1.000000E+07,-1.000000E+07,-1.000000E+07,-1.000000E+07,-1.000000E+07,-1.000000E+07,-1.000000E+07,-1.000000E+07,-1.000000E+07,-1.000000E+07,-1.000000E+07,-1.000000E+07,-1.000000E+07,-1.000000E+07,-1.000000E+07,-1.000000E+07,-1.000000E+07,-1.000000E+07,-1.000000E+07,-1.000000E+07,-1.000000E+07,-1.000000E+07,-1.000000E+07,-1.000000E+07,-1.000000E+07,-1.000000E+07,-1.000000E+07,-1.000000E+07,-1.000000E+07,-1.000000E+07,-1.000000E+07,-1.000000E+07,-1.000000E+07,-1.000000E+07,-1.000000E+07,-1.000000E+07,-1.000000E+07,-1.000000E+07,-1.000000E+07,-1.000000E+07,-1.000000E+07,-1.000000E+07,-1.000000E+07,-1.000000E+07,-1.000000E+07,-1.000000E+07,-1.000000E+07,-1.000000E+07,-1.000000E+07,-1.000000E+07,-1.000000E+07,-1.000000E+07,-1.000000E+07,-1.000000E+07,-1.000000E+07,-1.000000E+07,,,,,,,,,,,,,,,,,,,,,,,,,,,,,,,,,,,,,,,,,,,,,,,,,,
VBIASDIO_T26C_NCGD18N12288_5417_5513,,R,1,100,volts,0,0,,,,,,,,,,,,,,,,,,,,,,,,,,,,,,,,,,,,,,,,,,,,,,,,,,,,,,,,,,,,,,,,,,,,,,,,,,,,,,,,,,,,,,,,,,,,,,,,,,,,,,,,,,,,,,,,,,,,,,,,,,,,,,,,,,,,,,,,,,,,,,,,,,,,,,,,,,,,,,,,,,,,,,,,,,,,,,,,,,,,,,,,,,,,,,,,,,
,1,2,3,4,5,6,7,8,9,10,11,12,13,14,15,16,17,18,19,20,21,22,23,24,25,26,27,28,29,30,31,32,33,34,35,36,37,38,39,40,41,42,43,44,45,46,47,48,49,50,51,52,53,54,55,56,57,58,59,60,61,62,63,64,65,66,67,68,69,70,71,72,73,74,75,76,77,78,79,80,81,82,83,84,85,86,87,88,89,90,91,92,93,94,95,96,97,98,99,100,,,,,,,,,,,,,,,,,,,,,,,,,,,,,,,,,,,,,,,,,,,,,,,,,,,,,,,,,,,,,,,,,,,,,,,,,,,,,,,,,,,,,,,,,,,,,,,,,,,,,
1,+0.000000E+00,+5.000000E-02,+1.000000E-01,+1.500000E-01,+2.000000E-01,+2.500000E-01,+3.000000E-01,+3.500000E-01,+4.000000E-01,+4.500000E-01,+5.000000E-01,+5.500000E-01,+6.000000E-01,+6.500000E-01,+7.000000E-01,+7.500000E-01,+8.000000E-01,+8.500000E-01,+9.000000E-01,+9.500000E-01,+1.000000E+00,+1.050000E+00,+1.100000E+00,+1.150000E+00,+1.200000E+00,+1.250000E+00,+1.300000E+00,+1.350000E+00,+1.400000E+00,+1.450000E+00,+1.500000E+00,+1.550000E+00,+1.600000E+00,+1.650000E+00,+1.700000E+00,+1.750000E+00,+1.800000E+00,+1.850000E+00,+1.900000E+00,+1.950000E+00,+2.000000E+00,+2.050000E+00,+2.100000E+00,+2.150000E+00,+2.200000E+00,+2.250000E+00,+2.300000E+00,+2.350000E+00,+2.400000E+00,+2.450000E+00,+2.500000E+00,+2.550000E+00,+2.600000E+00,+2.650000E+00,+2.700000E+00,+2.750000E+00,+2.800000E+00,+2.850000E+00,+2.900000E+00,+2.950000E+00,+3.000000E+00,+3.050000E+00,+3.100000E+00,+3.150000E+00,+3.200000E+00,+3.250000E+00,+3.300000E+00,+3.350000E+00,+3.400000E+00,+3.450000E+00,+3.500000E+00,+3.550000E+00,+3.600000E+00,+0.000000E+00,+0.000000E+00,+0.000000E+00,+0.000000E+00,+0.000000E+00,+0.000000E+00,+0.000000E+00,+0.000000E+00,+0.000000E+00,+0.000000E+00,+0.000000E+00,+0.000000E+00,+0.000000E+00,+0.000000E+00,+0.000000E+00,+0.000000E+00,+0.000000E+00,+0.000000E+00,+0.000000E+00,+0.000000E+00,+0.000000E+00,+0.000000E+00,+0.000000E+00,+0.000000E+00,+0.000000E+00,+0.000000E+00,+0.000000E+00,,,,,,,,,,,,,,,,,,,,,,,,,,,,,,,,,,,,,,,,,,,,,,,,,,,,,,,,,,,,,,,,,,,,,,,,,,,,,,,,,,,,,,,,,,,,,,,,,,,,,
CJ_T26C_NCGD18N12288_5417_5513,,R,1,100,pF,0,0,,,,,,,,,,,,,,,,,,,,,,,,,,,,,,,,,,,,,,,,,,,,,,,,,,,,,,,,,,,,,,,,,,,,,,,,,,,,,,,,,,,,,,,,,,,,,,,,,,,,,,,,,,,,,,,,,,,,,,,,,,,,,,,,,,,,,,,,,,,,,,,,,,,,,,,,,,,,,,,,,,,,,,,,,,,,,,,,,,,,,,,,,,,,,,,,,,
,1,2,3,4,5,6,7,8,9,10,11,12,13,14,15,16,17,18,19,20,21,22,23,24,25,26,27,28,29,30,31,32,33,34,35,36,37,38,39,40,41,42,43,44,45,46,47,48,49,50,51,52,53,54,55,56,57,58,59,60,61,62,63,64,65,66,67,68,69,70,71,72,73,74,75,76,77,78,79,80,81,82,83,84,85,86,87,88,89,90,91,92,93,94,95,96,97,98,99,100,,,,,,,,,,,,,,,,,,,,,,,,,,,,,,,,,,,,,,,,,,,,,,,,,,,,,,,,,,,,,,,,,,,,,,,,,,,,,,,,,,,,,,,,,,,,,,,,,,,,,
1,+1.907920E+01,+1.842478E+01,+1.780905E+01,+1.721801E+01,+1.665537E+01,+1.611812E+01,+1.561236E+01,+1.513339E+01,+1.468381E+01,+1.426512E+01,+1.387393E+01,+1.351213E+01,+1.318032E+01,+1.287280E+01,+1.258867E+01,+1.232564E+01,+1.208151E+01,+1.185287E+01,+1.164232E+01,+1.144228E+01,+1.125423E+01,+1.107777E+01,+1.091212E+01,+1.075216E+01,+1.060400E+01,+1.046333E+01,+1.032847E+01,+1.020130E+01,+1.007923E+01,+9.962863E+00,+9.852092E+00,+9.745510E+00,+9.644376E+00,+9.545652E+00,+9.453306E+00,+9.362739E+00,+9.276981E+00,+9.193482E+00,+9.114893E+00,+9.036763E+00,+8.962762E+00,+8.892160E+00,+8.822148E+00,+8.755605E+00,+8.690932E+00,+8.628618E+00,+8.568944E+00,+8.508669E+00,+8.453653E+00,+8.398297E+00,+8.345241E+00,+8.293744E+00,+8.242527E+00,+8.194060E+00,+8.146722E+00,+8.101134E+00,+8.056385E+00,+8.011516E+00,+7.969527E+00,+7.926968E+00,+7.887648E+00,+7.847789E+00,+7.810588E+00,+7.772068E+00,+7.734327E+00,+7.699007E+00,+7.663156E+00,+7.630315E+00,+7.598243E+00,+7.565822E+00,+7.535179E+00,+7.505247E+00,+7.474365E+00,+0.000000E+00,+0.000000E+00,+0.000000E+00,+0.000000E+00,+0.000000E+00,+0.000000E+00,+0.000000E+00,+0.000000E+00,+0.000000E+00,+0.000000E+00,+0.000000E+00,+0.000000E+00,+0.000000E+00,+0.000000E+00,+0.000000E+00,+0.000000E+00,+0.000000E+00,+0.000000E+00,+0.000000E+00,+0.000000E+00,+0.000000E+00,+0.000000E+00,+0.000000E+00,+0.000000E+00,+0.000000E+00,+0.000000E+00,+0.000000E+00,,,,,,,,,,,,,,,,,,,,,,,,,,,,,,,,,,,,,,,,,,,,,,,,,,,,,,,,,,,,,,,,,,,,,,,,,,,,,,,,,,,,,,,,,,,,,,,,,,,,,
VJIV_T27A_PCGD11N12288_3694_3790,,R,1,151,volts,0,0,,,,,,,,,,,,,,,,,,,,,,,,,,,,,,,,,,,,,,,,,,,,,,,,,,,,,,,,,,,,,,,,,,,,,,,,,,,,,,,,,,,,,,,,,,,,,,,,,,,,,,,,,,,,,,,,,,,,,,,,,,,,,,,,,,,,,,,,,,,,,,,,,,,,,,,,,,,,,,,,,,,,,,,,,,,,,,,,,,,,,,,,,,,,,,,,,,
,1,2,3,4,5,6,7,8,9,10,11,12,13,14,15,16,17,18,19,20,21,22,23,24,25,26,27,28,29,30,31,32,33,34,35,36,37,38,39,40,41,42,43,44,45,46,47,48,49,50,51,52,53,54,55,56,57,58,59,60,61,62,63,64,65,66,67,68,69,70,71,72,73,74,75,76,77,78,79,80,81,82,83,84,85,86,87,88,89,90,91,92,93,94,95,96,97,98,99,100,101,102,103,104,105,106,107,108,109,110,111,112,113,114,115,116,117,118,119,120,121,122,123,124,125,126,127,128,129,130,131,132,133,134,135,136,137,138,139,140,141,142,143,144,145,146,147,148,149,150,151,,,,,,,,,,,,,,,,,,,,,,,,,,,,,,,,,,,,,,,,,,,,,,,,,,
1,-2.000000E+00,-1.950000E+00,-1.900000E+00,-1.850000E+00,-1.800000E+00,-1.750000E+00,-1.700000E+00,-1.650000E+00,-1.600000E+00,-1.550000E+00,-1.500000E+00,-1.450000E+00,-1.400000E+00,-1.350000E+00,-1.300000E+00,-1.250000E+00,-1.200000E+00,-1.150000E+00,-1.100000E+00,-1.050000E+00,-1.000000E+00,-9.500000E-01,-9.000000E-01,-8.500000E-01,-8.000000E-01,-7.500000E-01,-7.000000E-01,-6.500000E-01,-6.000000E-01,-5.500000E-01,-5.000000E-01,-4.500000E-01,-4.000000E-01,-3.500000E-01,-3.000000E-01,-2.500000E-01,-2.000000E-01,-1.500000E-01,-1.000000E-01,-5.000000E-02,+0.000000E+00,+5.000000E-02,+1.000000E-01,+1.500000E-01,+2.000000E-01,+2.500000E-01,+3.000000E-01,+3.500000E-01,+4.000000E-01,+4.500000E-01,+5.000000E-01,+5.500000E-01,+6.000000E-01,+6.500000E-01,+7.000000E-01,+7.500000E-01,+8.000000E-01,+8.500000E-01,+9.000000E-01,+9.500000E-01,+1.000000E+00,+1.050000E+00,+1.100000E+00,+1.150000E+00,+1.200000E+00,-1.000000E+07,-1.000000E+07,-1.000000E+07,-1.000000E+07,-1.000000E+07,-1.000000E+07,-1.000000E+07,-1.000000E+07,-1.000000E+07,-1.000000E+07,-1.000000E+07,-1.000000E+07,-1.000000E+07,-1.000000E+07,-1.000000E+07,-1.000000E+07,-1.000000E+07,-1.000000E+07,-1.000000E+07,-1.000000E+07,-1.000000E+07,-1.000000E+07,-1.000000E+07,-1.000000E+07,-1.000000E+07,-1.000000E+07,-1.000000E+07,-1.000000E+07,-1.000000E+07,-1.000000E+07,-1.000000E+07,-1.000000E+07,-1.000000E+07,-1.000000E+07,-1.000000E+07,-1.000000E+07,-1.000000E+07,-1.000000E+07,-1.000000E+07,-1.000000E+07,-1.000000E+07,-1.000000E+07,-1.000000E+07,-1.000000E+07,-1.000000E+07,-1.000000E+07,-1.000000E+07,-1.000000E+07,-1.000000E+07,-1.000000E+07,-1.000000E+07,-1.000000E+07,-1.000000E+07,-1.000000E+07,-1.000000E+07,-1.000000E+07,-1.000000E+07,-1.000000E+07,-1.000000E+07,-1.000000E+07,-1.000000E+07,-1.000000E+07,-1.000000E+07,-1.000000E+07,-1.000000E+07,-1.000000E+07,-1.000000E+07,-1.000000E+07,-1.000000E+07,-1.000000E+07,-1.000000E+07,-1.000000E+07,-1.000000E+07,-1.000000E+07,-1.000000E+07,-1.000000E+07,-1.000000E+07,-1.000000E+07,-1.000000E+07,-1.000000E+07,-1.000000E+07,-1.000000E+07,-1.000000E+07,-1.000000E+07,-1.000000E+07,-1.000000E+07,,,,,,,,,,,,,,,,,,,,,,,,,,,,,,,,,,,,,,,,,,,,,,,,,,
IJ_T27A_PCGD11N12288_3694_3790,,R,1,151,A,0,0,,,,,,,,,,,,,,,,,,,,,,,,,,,,,,,,,,,,,,,,,,,,,,,,,,,,,,,,,,,,,,,,,,,,,,,,,,,,,,,,,,,,,,,,,,,,,,,,,,,,,,,,,,,,,,,,,,,,,,,,,,,,,,,,,,,,,,,,,,,,,,,,,,,,,,,,,,,,,,,,,,,,,,,,,,,,,,,,,,,,,,,,,,,,,,,,,,
,1,2,3,4,5,6,7,8,9,10,11,12,13,14,15,16,17,18,19,20,21,22,23,24,25,26,27,28,29,30,31,32,33,34,35,36,37,38,39,40,41,42,43,44,45,46,47,48,49,50,51,52,53,54,55,56,57,58,59,60,61,62,63,64,65,66,67,68,69,70,71,72,73,74,75,76,77,78,79,80,81,82,83,84,85,86,87,88,89,90,91,92,93,94,95,96,97,98,99,100,101,102,103,104,105,106,107,108,109,110,111,112,113,114,115,116,117,118,119,120,121,122,123,124,125,126,127,128,129,130,131,132,133,134,135,136,137,138,139,140,141,142,143,144,145,146,147,148,149,150,151,,,,,,,,,,,,,,,,,,,,,,,,,,,,,,,,,,,,,,,,,,,,,,,,,,
1,-3.906340E-08,-3.355960E-08,-2.995370E-08,-2.719050E-08,-2.490570E-08,-2.291900E-08,-2.118590E-08,-1.956750E-08,-1.808550E-08,-1.666570E-08,-1.525990E-08,-1.391480E-08,-1.258550E-08,-1.125740E-08,-9.977800E-09,-8.780910E-09,-7.581260E-09,-6.469740E-09,-5.441520E-09,-4.499190E-09,-3.676950E-09,-2.965710E-09,-2.349510E-09,-1.843870E-09,-1.427830E-09,-1.086780E-09,-8.244730E-10,-6.141650E-10,-4.497580E-10,-3.285590E-10,-2.357920E-10,-1.675900E-10,-1.173790E-10,-7.971500E-11,-5.300400E-11,-3.259500E-11,-1.746800E-11,-6.917000E-12,+9.570000E-13,+6.470000E-12,+1.185500E-11,+2.014100E-11,+3.561300E-11,+7.388500E-11,+1.646150E-10,+3.989960E-10,+1.057630E-09,+3.306870E-09,+1.322640E-08,+6.373050E-08,+3.603780E-07,+2.297890E-06,+1.394790E-05,+6.726960E-05,+2.072450E-04,+4.283330E-04,+7.126370E-04,+1.054987E-03,+1.440110E-03,+1.871310E-03,+2.351490E-03,+2.861990E-03,+3.403340E-03,+3.981720E-03,+4.573930E-03,-1.000000E+07,-1.000000E+07,-1.000000E+07,-1.000000E+07,-1.000000E+07,-1.000000E+07,-1.000000E+07,-1.000000E+07,-1.000000E+07,-1.000000E+07,-1.000000E+07,-1.000000E+07,-1.000000E+07,-1.000000E+07,-1.000000E+07,-1.000000E+07,-1.000000E+07,-1.000000E+07,-1.000000E+07,-1.000000E+07,-1.000000E+07,-1.000000E+07,-1.000000E+07,-1.000000E+07,-1.000000E+07,-1.000000E+07,-1.000000E+07,-1.000000E+07,-1.000000E+07,-1.000000E+07,-1.000000E+07,-1.000000E+07,-1.000000E+07,-1.000000E+07,-1.000000E+07,-1.000000E+07,-1.000000E+07,-1.000000E+07,-1.000000E+07,-1.000000E+07,-1.000000E+07,-1.000000E+07,-1.000000E+07,-1.000000E+07,-1.000000E+07,-1.000000E+07,-1.000000E+07,-1.000000E+07,-1.000000E+07,-1.000000E+07,-1.000000E+07,-1.000000E+07,-1.000000E+07,-1.000000E+07,-1.000000E+07,-1.000000E+07,-1.000000E+07,-1.000000E+07,-1.000000E+07,-1.000000E+07,-1.000000E+07,-1.000000E+07,-1.000000E+07,-1.000000E+07,-1.000000E+07,-1.000000E+07,-1.000000E+07,-1.000000E+07,-1.000000E+07,-1.000000E+07,-1.000000E+07,-1.000000E+07,-1.000000E+07,-1.000000E+07,-1.000000E+07,-1.000000E+07,-1.000000E+07,-1.000000E+07,-1.000000E+07,-1.000000E+07,-1.000000E+07,-1.000000E+07,-1.000000E+07,-1.000000E+07,-1.000000E+07,-1.000000E+07,,,,,,,,,,,,,,,,,,,,,,,,,,,,,,,,,,,,,,,,,,,,,,,,,,
VBIASDIO_T27A_PCGD11N12288_3694_3790,,R,1,100,volts,0,0,,,,,,,,,,,,,,,,,,,,,,,,,,,,,,,,,,,,,,,,,,,,,,,,,,,,,,,,,,,,,,,,,,,,,,,,,,,,,,,,,,,,,,,,,,,,,,,,,,,,,,,,,,,,,,,,,,,,,,,,,,,,,,,,,,,,,,,,,,,,,,,,,,,,,,,,,,,,,,,,,,,,,,,,,,,,,,,,,,,,,,,,,,,,,,,,,,
,1,2,3,4,5,6,7,8,9,10,11,12,13,14,15,16,17,18,19,20,21,22,23,24,25,26,27,28,29,30,31,32,33,34,35,36,37,38,39,40,41,42,43,44,45,46,47,48,49,50,51,52,53,54,55,56,57,58,59,60,61,62,63,64,65,66,67,68,69,70,71,72,73,74,75,76,77,78,79,80,81,82,83,84,85,86,87,88,89,90,91,92,93,94,95,96,97,98,99,100,,,,,,,,,,,,,,,,,,,,,,,,,,,,,,,,,,,,,,,,,,,,,,,,,,,,,,,,,,,,,,,,,,,,,,,,,,,,,,,,,,,,,,,,,,,,,,,,,,,,,
1,+0.000000E+00,+5.000000E-02,+1.000000E-01,+1.500000E-01,+2.000000E-01,+2.500000E-01,+3.000000E-01,+3.500000E-01,+4.000000E-01,+4.500000E-01,+5.000000E-01,+5.500000E-01,+6.000000E-01,+6.500000E-01,+7.000000E-01,+7.500000E-01,+8.000000E-01,+8.500000E-01,+9.000000E-01,+9.500000E-01,+1.000000E+00,+1.050000E+00,+1.100000E+00,+1.150000E+00,+1.200000E+00,+1.250000E+00,+1.300000E+00,+1.350000E+00,+1.400000E+00,+1.450000E+00,+1.500000E+00,+1.550000E+00,+1.600000E+00,+1.650000E+00,+1.700000E+00,+1.750000E+00,+1.800000E+00,+1.850000E+00,+1.900000E+00,+1.950000E+00,+2.000000E+00,+2.050000E+00,+2.100000E+00,+2.150000E+00,+2.200000E+00,+2.250000E+00,+2.300000E+00,+2.350000E+00,+2.400000E+00,+2.450000E+00,+2.500000E+00,+2.550000E+00,+2.600000E+00,+2.650000E+00,+2.700000E+00,+2.750000E+00,+2.800000E+00,+2.850000E+00,+2.900000E+00,+2.950000E+00,+3.000000E+00,+3.050000E+00,+3.100000E+00,+3.150000E+00,+3.200000E+00,+3.250000E+00,+3.300000E+00,+3.350000E+00,+3.400000E+00,+3.450000E+00,+3.500000E+00,+3.550000E+00,+3.600000E+00,+0.000000E+00,+0.000000E+00,+0.000000E+00,+0.000000E+00,+0.000000E+00,+0.000000E+00,+0.000000E+00,+0.000000E+00,+0.000000E+00,+0.000000E+00,+0.000000E+00,+0.000000E+00,+0.000000E+00,+0.000000E+00,+0.000000E+00,+0.000000E+00,+0.000000E+00,+0.000000E+00,+0.000000E+00,+0.000000E+00,+0.000000E+00,+0.000000E+00,+0.000000E+00,+0.000000E+00,+0.000000E+00,+0.000000E+00,+0.000000E+00,,,,,,,,,,,,,,,,,,,,,,,,,,,,,,,,,,,,,,,,,,,,,,,,,,,,,,,,,,,,,,,,,,,,,,,,,,,,,,,,,,,,,,,,,,,,,,,,,,,,,
CJ_T27A_PCGD11N12288_3694_3790,,R,1,100,pF,0,0,,,,,,,,,,,,,,,,,,,,,,,,,,,,,,,,,,,,,,,,,,,,,,,,,,,,,,,,,,,,,,,,,,,,,,,,,,,,,,,,,,,,,,,,,,,,,,,,,,,,,,,,,,,,,,,,,,,,,,,,,,,,,,,,,,,,,,,,,,,,,,,,,,,,,,,,,,,,,,,,,,,,,,,,,,,,,,,,,,,,,,,,,,,,,,,,,,
,1,2,3,4,5,6,7,8,9,10,11,12,13,14,15,16,17,18,19,20,21,22,23,24,25,26,27,28,29,30,31,32,33,34,35,36,37,38,39,40,41,42,43,44,45,46,47,48,49,50,51,52,53,54,55,56,57,58,59,60,61,62,63,64,65,66,67,68,69,70,71,72,73,74,75,76,77,78,79,80,81,82,83,84,85,86,87,88,89,90,91,92,93,94,95,96,97,98,99,100,,,,,,,,,,,,,,,,,,,,,,,,,,,,,,,,,,,,,,,,,,,,,,,,,,,,,,,,,,,,,,,,,,,,,,,,,,,,,,,,,,,,,,,,,,,,,,,,,,,,,
1,+1.626322E+01,+1.572097E+01,+1.520950E+01,+1.473153E+01,+1.428166E+01,+1.385217E+01,+1.344538E+01,+1.305469E+01,+1.268269E+01,+1.232108E+01,+1.197258E+01,+1.163117E+01,+1.130035E+01,+1.097154E+01,+1.065083E+01,+1.032831E+01,+1.000350E+01,+9.677081E+00,+9.342469E+00,+9.001727E+00,+8.648199E+00,+8.284464E+00,+7.912369E+00,+7.532697E+00,+7.153654E+00,+6.782368E+00,+6.430947E+00,+6.111537E+00,+5.830748E+00,+5.590248E+00,+5.389628E+00,+5.225009E+00,+5.090642E+00,+4.976111E+00,+4.880116E+00,+4.798077E+00,+4.720966E+00,+4.651854E+00,+4.590890E+00,+4.532085E+00,+4.478159E+00,+4.425713E+00,+4.377526E+00,+4.331478E+00,+4.287720E+00,+4.245392E+00,+4.205293E+00,+4.166364E+00,+4.129264E+00,+4.093824E+00,+4.060623E+00,+4.027643E+00,+3.995153E+00,+3.964042E+00,+3.935120E+00,+3.906379E+00,+3.879568E+00,+3.850436E+00,+3.824474E+00,+3.800073E+00,+3.775491E+00,+3.750449E+00,+3.727047E+00,+3.706105E+00,+3.682123E+00,+3.660211E+00,+3.640059E+00,+3.618797E+00,+3.599914E+00,+3.579263E+00,+3.559021E+00,+3.542058E+00,+3.522856E+00,+0.000000E+00,+0.000000E+00,+0.000000E+00,+0.000000E+00,+0.000000E+00,+0.000000E+00,+0.000000E+00,+0.000000E+00,+0.000000E+00,+0.000000E+00,+0.000000E+00,+0.000000E+00,+0.000000E+00,+0.000000E+00,+0.000000E+00,+0.000000E+00,+0.000000E+00,+0.000000E+00,+0.000000E+00,+0.000000E+00,+0.000000E+00,+0.000000E+00,+0.000000E+00,+0.000000E+00,+0.000000E+00,+0.000000E+00,+0.000000E+00,,,,,,,,,,,,,,,,,,,,,,,,,,,,,,,,,,,,,,,,,,,,,,,,,,,,,,,,,,,,,,,,,,,,,,,,,,,,,,,,,,,,,,,,,,,,,,,,,,,,,
VJIV_T27B_PCGDLVT11N12288_3694_3790,,R,1,151,volts,0,0,,,,,,,,,,,,,,,,,,,,,,,,,,,,,,,,,,,,,,,,,,,,,,,,,,,,,,,,,,,,,,,,,,,,,,,,,,,,,,,,,,,,,,,,,,,,,,,,,,,,,,,,,,,,,,,,,,,,,,,,,,,,,,,,,,,,,,,,,,,,,,,,,,,,,,,,,,,,,,,,,,,,,,,,,,,,,,,,,,,,,,,,,,,,,,,,,,
,1,2,3,4,5,6,7,8,9,10,11,12,13,14,15,16,17,18,19,20,21,22,23,24,25,26,27,28,29,30,31,32,33,34,35,36,37,38,39,40,41,42,43,44,45,46,47,48,49,50,51,52,53,54,55,56,57,58,59,60,61,62,63,64,65,66,67,68,69,70,71,72,73,74,75,76,77,78,79,80,81,82,83,84,85,86,87,88,89,90,91,92,93,94,95,96,97,98,99,100,101,102,103,104,105,106,107,108,109,110,111,112,113,114,115,116,117,118,119,120,121,122,123,124,125,126,127,128,129,130,131,132,133,134,135,136,137,138,139,140,141,142,143,144,145,146,147,148,149,150,151,,,,,,,,,,,,,,,,,,,,,,,,,,,,,,,,,,,,,,,,,,,,,,,,,,
1,-2.000000E+00,-1.950000E+00,-1.900000E+00,-1.850000E+00,-1.800000E+00,-1.750000E+00,-1.700000E+00,-1.650000E+00,-1.600000E+00,-1.550000E+00,-1.500000E+00,-1.450000E+00,-1.400000E+00,-1.350000E+00,-1.300000E+00,-1.250000E+00,-1.200000E+00,-1.150000E+00,-1.100000E+00,-1.050000E+00,-1.000000E+00,-9.500000E-01,-9.000000E-01,-8.500000E-01,-8.000000E-01,-7.500000E-01,-7.000000E-01,-6.500000E-01,-6.000000E-01,-5.500000E-01,-5.000000E-01,-4.500000E-01,-4.000000E-01,-3.500000E-01,-3.000000E-01,-2.500000E-01,-2.000000E-01,-1.500000E-01,-1.000000E-01,-5.000000E-02,+0.000000E+00,+5.000000E-02,+1.000000E-01,+1.500000E-01,+2.000000E-01,+2.500000E-01,+3.000000E-01,+3.500000E-01,+4.000000E-01,+4.500000E-01,+5.000000E-01,+5.500000E-01,+6.000000E-01,+6.500000E-01,+7.000000E-01,+7.500000E-01,+8.000000E-01,+8.500000E-01,+9.000000E-01,+9.500000E-01,+1.000000E+00,+1.050000E+00,+1.100000E+00,+1.150000E+00,+1.200000E+00,-1.000000E+07,-1.000000E+07,-1.000000E+07,-1.000000E+07,-1.000000E+07,-1.000000E+07,-1.000000E+07,-1.000000E+07,-1.000000E+07,-1.000000E+07,-1.000000E+07,-1.000000E+07,-1.000000E+07,-1.000000E+07,-1.000000E+07,-1.000000E+07,-1.000000E+07,-1.000000E+07,-1.000000E+07,-1.000000E+07,-1.000000E+07,-1.000000E+07,-1.000000E+07,-1.000000E+07,-1.000000E+07,-1.000000E+07,-1.000000E+07,-1.000000E+07,-1.000000E+07,-1.000000E+07,-1.000000E+07,-1.000000E+07,-1.000000E+07,-1.000000E+07,-1.000000E+07,-1.000000E+07,-1.000000E+07,-1.000000E+07,-1.000000E+07,-1.000000E+07,-1.000000E+07,-1.000000E+07,-1.000000E+07,-1.000000E+07,-1.000000E+07,-1.000000E+07,-1.000000E+07,-1.000000E+07,-1.000000E+07,-1.000000E+07,-1.000000E+07,-1.000000E+07,-1.000000E+07,-1.000000E+07,-1.000000E+07,-1.000000E+07,-1.000000E+07,-1.000000E+07,-1.000000E+07,-1.000000E+07,-1.000000E+07,-1.000000E+07,-1.000000E+07,-1.000000E+07,-1.000000E+07,-1.000000E+07,-1.000000E+07,-1.000000E+07,-1.000000E+07,-1.000000E+07,-1.000000E+07,-1.000000E+07,-1.000000E+07,-1.000000E+07,-1.000000E+07,-1.000000E+07,-1.000000E+07,-1.000000E+07,-1.000000E+07,-1.000000E+07,-1.000000E+07,-1.000000E+07,-1.000000E+07,-1.000000E+07,-1.000000E+07,-1.000000E+07,,,,,,,,,,,,,,,,,,,,,,,,,,,,,,,,,,,,,,,,,,,,,,,,,,
IJ_T27B_PCGDLVT11N12288_3694_3790,,R,1,151,A,0,0,,,,,,,,,,,,,,,,,,,,,,,,,,,,,,,,,,,,,,,,,,,,,,,,,,,,,,,,,,,,,,,,,,,,,,,,,,,,,,,,,,,,,,,,,,,,,,,,,,,,,,,,,,,,,,,,,,,,,,,,,,,,,,,,,,,,,,,,,,,,,,,,,,,,,,,,,,,,,,,,,,,,,,,,,,,,,,,,,,,,,,,,,,,,,,,,,,
,1,2,3,4,5,6,7,8,9,10,11,12,13,14,15,16,17,18,19,20,21,22,23,24,25,26,27,28,29,30,31,32,33,34,35,36,37,38,39,40,41,42,43,44,45,46,47,48,49,50,51,52,53,54,55,56,57,58,59,60,61,62,63,64,65,66,67,68,69,70,71,72,73,74,75,76,77,78,79,80,81,82,83,84,85,86,87,88,89,90,91,92,93,94,95,96,97,98,99,100,101,102,103,104,105,106,107,108,109,110,111,112,113,114,115,116,117,118,119,120,121,122,123,124,125,126,127,128,129,130,131,132,133,134,135,136,137,138,139,140,141,142,143,144,145,146,147,148,149,150,151,,,,,,,,,,,,,,,,,,,,,,,,,,,,,,,,,,,,,,,,,,,,,,,,,,
1,-1.686520E-10,-1.224280E-10,-1.016050E-10,-8.798000E-11,-7.951800E-11,-7.195200E-11,-6.539100E-11,-6.024900E-11,-5.519100E-11,-5.095600E-11,-4.631300E-11,-4.233700E-11,-3.909000E-11,-3.519400E-11,-3.198900E-11,-2.947800E-11,-2.581100E-11,-2.390200E-11,-2.125600E-11,-1.858600E-11,-1.687600E-11,-1.461700E-11,-1.280600E-11,-1.106700E-11,-9.053000E-12,-7.488000E-12,-5.540000E-12,-4.077000E-12,-2.525000E-12,-7.390000E-13,+6.540000E-13,+2.085000E-12,+3.745000E-12,+4.812000E-12,+6.179000E-12,+7.041000E-12,+8.156000E-12,+8.974000E-12,+9.420000E-12,+1.034900E-11,+1.089600E-11,+1.246900E-11,+1.731500E-11,+2.986700E-11,+6.421600E-11,+1.670980E-10,+5.250170E-10,+2.064430E-09,+9.869070E-09,+5.353840E-08,+3.216850E-07,+2.125810E-06,+1.325820E-05,+6.629920E-05,+2.119630E-04,+4.498610E-04,+7.663990E-04,+1.162300E-03,+1.623220E-03,+2.147950E-03,+2.734360E-03,+3.354180E-03,+4.004840E-03,+4.692040E-03,+5.387860E-03,-1.000000E+07,-1.000000E+07,-1.000000E+07,-1.000000E+07,-1.000000E+07,-1.000000E+07,-1.000000E+07,-1.000000E+07,-1.000000E+07,-1.000000E+07,-1.000000E+07,-1.000000E+07,-1.000000E+07,-1.000000E+07,-1.000000E+07,-1.000000E+07,-1.000000E+07,-1.000000E+07,-1.000000E+07,-1.000000E+07,-1.000000E+07,-1.000000E+07,-1.000000E+07,-1.000000E+07,-1.000000E+07,-1.000000E+07,-1.000000E+07,-1.000000E+07,-1.000000E+07,-1.000000E+07,-1.000000E+07,-1.000000E+07,-1.000000E+07,-1.000000E+07,-1.000000E+07,-1.000000E+07,-1.000000E+07,-1.000000E+07,-1.000000E+07,-1.000000E+07,-1.000000E+07,-1.000000E+07,-1.000000E+07,-1.000000E+07,-1.000000E+07,-1.000000E+07,-1.000000E+07,-1.000000E+07,-1.000000E+07,-1.000000E+07,-1.000000E+07,-1.000000E+07,-1.000000E+07,-1.000000E+07,-1.000000E+07,-1.000000E+07,-1.000000E+07,-1.000000E+07,-1.000000E+07,-1.000000E+07,-1.000000E+07,-1.000000E+07,-1.000000E+07,-1.000000E+07,-1.000000E+07,-1.000000E+07,-1.000000E+07,-1.000000E+07,-1.000000E+07,-1.000000E+07,-1.000000E+07,-1.000000E+07,-1.000000E+07,-1.000000E+07,-1.000000E+07,-1.000000E+07,-1.000000E+07,-1.000000E+07,-1.000000E+07,-1.000000E+07,-1.000000E+07,-1.000000E+07,-1.000000E+07,-1.000000E+07,-1.000000E+07,-1.000000E+07,,,,,,,,,,,,,,,,,,,,,,,,,,,,,,,,,,,,,,,,,,,,,,,,,,
VBIASDIO_T27B_PCGDLVT11N12288_3694_3790,,R,1,100,volts,0,0,,,,,,,,,,,,,,,,,,,,,,,,,,,,,,,,,,,,,,,,,,,,,,,,,,,,,,,,,,,,,,,,,,,,,,,,,,,,,,,,,,,,,,,,,,,,,,,,,,,,,,,,,,,,,,,,,,,,,,,,,,,,,,,,,,,,,,,,,,,,,,,,,,,,,,,,,,,,,,,,,,,,,,,,,,,,,,,,,,,,,,,,,,,,,,,,,,
,1,2,3,4,5,6,7,8,9,10,11,12,13,14,15,16,17,18,19,20,21,22,23,24,25,26,27,28,29,30,31,32,33,34,35,36,37,38,39,40,41,42,43,44,45,46,47,48,49,50,51,52,53,54,55,56,57,58,59,60,61,62,63,64,65,66,67,68,69,70,71,72,73,74,75,76,77,78,79,80,81,82,83,84,85,86,87,88,89,90,91,92,93,94,95,96,97,98,99,100,,,,,,,,,,,,,,,,,,,,,,,,,,,,,,,,,,,,,,,,,,,,,,,,,,,,,,,,,,,,,,,,,,,,,,,,,,,,,,,,,,,,,,,,,,,,,,,,,,,,,
1,+0.000000E+00,+5.000000E-02,+1.000000E-01,+1.500000E-01,+2.000000E-01,+2.500000E-01,+3.000000E-01,+3.500000E-01,+4.000000E-01,+4.500000E-01,+5.000000E-01,+5.500000E-01,+6.000000E-01,+6.500000E-01,+7.000000E-01,+7.500000E-01,+8.000000E-01,+8.500000E-01,+9.000000E-01,+9.500000E-01,+1.000000E+00,+1.050000E+00,+1.100000E+00,+1.150000E+00,+1.200000E+00,+1.250000E+00,+1.300000E+00,+1.350000E+00,+1.400000E+00,+1.450000E+00,+1.500000E+00,+1.550000E+00,+1.600000E+00,+1.650000E+00,+1.700000E+00,+1.750000E+00,+1.800000E+00,+1.850000E+00,+1.900000E+00,+1.950000E+00,+2.000000E+00,+2.050000E+00,+2.100000E+00,+2.150000E+00,+2.200000E+00,+2.250000E+00,+2.300000E+00,+2.350000E+00,+2.400000E+00,+2.450000E+00,+2.500000E+00,+2.550000E+00,+2.600000E+00,+2.650000E+00,+2.700000E+00,+2.750000E+00,+2.800000E+00,+2.850000E+00,+2.900000E+00,+2.950000E+00,+3.000000E+00,+3.050000E+00,+3.100000E+00,+3.150000E+00,+3.200000E+00,+3.250000E+00,+3.300000E+00,+3.350000E+00,+3.400000E+00,+3.450000E+00,+3.500000E+00,+3.550000E+00,+3.600000E+00,+0.000000E+00,+0.000000E+00,+0.000000E+00,+0.000000E+00,+0.000000E+00,+0.000000E+00,+0.000000E+00,+0.000000E+00,+0.000000E+00,+0.000000E+00,+0.000000E+00,+0.000000E+00,+0.000000E+00,+0.000000E+00,+0.000000E+00,+0.000000E+00,+0.000000E+00,+0.000000E+00,+0.000000E+00,+0.000000E+00,+0.000000E+00,+0.000000E+00,+0.000000E+00,+0.000000E+00,+0.000000E+00,+0.000000E+00,+0.000000E+00,,,,,,,,,,,,,,,,,,,,,,,,,,,,,,,,,,,,,,,,,,,,,,,,,,,,,,,,,,,,,,,,,,,,,,,,,,,,,,,,,,,,,,,,,,,,,,,,,,,,,
CJ_T27B_PCGDLVT11N12288_3694_3790,,R,1,100,pF,0,0,,,,,,,,,,,,,,,,,,,,,,,,,,,,,,,,,,,,,,,,,,,,,,,,,,,,,,,,,,,,,,,,,,,,,,,,,,,,,,,,,,,,,,,,,,,,,,,,,,,,,,,,,,,,,,,,,,,,,,,,,,,,,,,,,,,,,,,,,,,,,,,,,,,,,,,,,,,,,,,,,,,,,,,,,,,,,,,,,,,,,,,,,,,,,,,,,,
,1,2,3,4,5,6,7,8,9,10,11,12,13,14,15,16,17,18,19,20,21,22,23,24,25,26,27,28,29,30,31,32,33,34,35,36,37,38,39,40,41,42,43,44,45,46,47,48,49,50,51,52,53,54,55,56,57,58,59,60,61,62,63,64,65,66,67,68,69,70,71,72,73,74,75,76,77,78,79,80,81,82,83,84,85,86,87,88,89,90,91,92,93,94,95,96,97,98,99,100,,,,,,,,,,,,,,,,,,,,,,,,,,,,,,,,,,,,,,,,,,,,,,,,,,,,,,,,,,,,,,,,,,,,,,,,,,,,,,,,,,,,,,,,,,,,,,,,,,,,,
1,+1.331121E+01,+1.275846E+01,+1.223160E+01,+1.171833E+01,+1.121816E+01,+1.072189E+01,+1.023692E+01,+9.752150E+00,+9.265975E+00,+8.767870E+00,+8.284995E+00,+7.812725E+00,+7.365379E+00,+6.954373E+00,+6.591684E+00,+6.277273E+00,+6.014608E+00,+5.799222E+00,+5.618297E+00,+5.470494E+00,+5.342996E+00,+5.232033E+00,+5.134297E+00,+5.045179E+00,+4.963090E+00,+4.888218E+00,+4.818586E+00,+4.752582E+00,+4.692627E+00,+4.634401E+00,+4.578605E+00,+4.527587E+00,+4.477510E+00,+4.430111E+00,+4.385842E+00,+4.341963E+00,+4.301843E+00,+4.261413E+00,+4.223832E+00,+4.186641E+00,+4.149350E+00,+4.115169E+00,+4.082997E+00,+4.049485E+00,+4.018982E+00,+3.989809E+00,+3.959797E+00,+3.932723E+00,+3.902931E+00,+3.878357E+00,+3.850934E+00,+3.826539E+00,+3.801345E+00,+3.777591E+00,+3.753718E+00,+3.732262E+00,+3.709568E+00,+3.688393E+00,+3.665619E+00,+3.645663E+00,+3.626628E+00,+3.606253E+00,+3.588018E+00,+3.568263E+00,+3.548118E+00,+3.532541E+00,+3.514596E+00,+3.497310E+00,+3.479804E+00,+3.463348E+00,+3.446332E+00,+3.431026E+00,+3.415100E+00,+0.000000E+00,+0.000000E+00,+0.000000E+00,+0.000000E+00,+0.000000E+00,+0.000000E+00,+0.000000E+00,+0.000000E+00,+0.000000E+00,+0.000000E+00,+0.000000E+00,+0.000000E+00,+0.000000E+00,+0.000000E+00,+0.000000E+00,+0.000000E+00,+0.000000E+00,+0.000000E+00,+0.000000E+00,+0.000000E+00,+0.000000E+00,+0.000000E+00,+0.000000E+00,+0.000000E+00,+0.000000E+00,+0.000000E+00,+0.000000E+00,,,,,,,,,,,,,,,,,,,,,,,,,,,,,,,,,,,,,,,,,,,,,,,,,,,,,,,,,,,,,,,,,,,,,,,,,,,,,,,,,,,,,,,,,,,,,,,,,,,,,
VJIV_T27C_PCGD18N12288_5417_5513,,R,1,151,volts,0,0,,,,,,,,,,,,,,,,,,,,,,,,,,,,,,,,,,,,,,,,,,,,,,,,,,,,,,,,,,,,,,,,,,,,,,,,,,,,,,,,,,,,,,,,,,,,,,,,,,,,,,,,,,,,,,,,,,,,,,,,,,,,,,,,,,,,,,,,,,,,,,,,,,,,,,,,,,,,,,,,,,,,,,,,,,,,,,,,,,,,,,,,,,,,,,,,,,
,1,2,3,4,5,6,7,8,9,10,11,12,13,14,15,16,17,18,19,20,21,22,23,24,25,26,27,28,29,30,31,32,33,34,35,36,37,38,39,40,41,42,43,44,45,46,47,48,49,50,51,52,53,54,55,56,57,58,59,60,61,62,63,64,65,66,67,68,69,70,71,72,73,74,75,76,77,78,79,80,81,82,83,84,85,86,87,88,89,90,91,92,93,94,95,96,97,98,99,100,101,102,103,104,105,106,107,108,109,110,111,112,113,114,115,116,117,118,119,120,121,122,123,124,125,126,127,128,129,130,131,132,133,134,135,136,137,138,139,140,141,142,143,144,145,146,147,148,149,150,151,,,,,,,,,,,,,,,,,,,,,,,,,,,,,,,,,,,,,,,,,,,,,,,,,,
1,-2.000000E+00,-1.950000E+00,-1.900000E+00,-1.850000E+00,-1.800000E+00,-1.750000E+00,-1.700000E+00,-1.650000E+00,-1.600000E+00,-1.550000E+00,-1.500000E+00,-1.450000E+00,-1.400000E+00,-1.350000E+00,-1.300000E+00,-1.250000E+00,-1.200000E+00,-1.150000E+00,-1.100000E+00,-1.050000E+00,-1.000000E+00,-9.500000E-01,-9.000000E-01,-8.500000E-01,-8.000000E-01,-7.500000E-01,-7.000000E-01,-6.500000E-01,-6.000000E-01,-5.500000E-01,-5.000000E-01,-4.500000E-01,-4.000000E-01,-3.500000E-01,-3.000000E-01,-2.500000E-01,-2.000000E-01,-1.500000E-01,-1.000000E-01,-5.000000E-02,+0.000000E+00,+5.000000E-02,+1.000000E-01,+1.500000E-01,+2.000000E-01,+2.500000E-01,+3.000000E-01,+3.500000E-01,+4.000000E-01,+4.500000E-01,+5.000000E-01,+5.500000E-01,+6.000000E-01,+6.500000E-01,+7.000000E-01,+7.500000E-01,+8.000000E-01,+8.500000E-01,+9.000000E-01,+9.500000E-01,+1.000000E+00,+1.050000E+00,+1.100000E+00,+1.150000E+00,+1.200000E+00,-1.000000E+07,-1.000000E+07,-1.000000E+07,-1.000000E+07,-1.000000E+07,-1.000000E+07,-1.000000E+07,-1.000000E+07,-1.000000E+07,-1.000000E+07,-1.000000E+07,-1.000000E+07,-1.000000E+07,-1.000000E+07,-1.000000E+07,-1.000000E+07,-1.000000E+07,-1.000000E+07,-1.000000E+07,-1.000000E+07,-1.000000E+07,-1.000000E+07,-1.000000E+07,-1.000000E+07,-1.000000E+07,-1.000000E+07,-1.000000E+07,-1.000000E+07,-1.000000E+07,-1.000000E+07,-1.000000E+07,-1.000000E+07,-1.000000E+07,-1.000000E+07,-1.000000E+07,-1.000000E+07,-1.000000E+07,-1.000000E+07,-1.000000E+07,-1.000000E+07,-1.000000E+07,-1.000000E+07,-1.000000E+07,-1.000000E+07,-1.000000E+07,-1.000000E+07,-1.000000E+07,-1.000000E+07,-1.000000E+07,-1.000000E+07,-1.000000E+07,-1.000000E+07,-1.000000E+07,-1.000000E+07,-1.000000E+07,-1.000000E+07,-1.000000E+07,-1.000000E+07,-1.000000E+07,-1.000000E+07,-1.000000E+07,-1.000000E+07,-1.000000E+07,-1.000000E+07,-1.000000E+07,-1.000000E+07,-1.000000E+07,-1.000000E+07,-1.000000E+07,-1.000000E+07,-1.000000E+07,-1.000000E+07,-1.000000E+07,-1.000000E+07,-1.000000E+07,-1.000000E+07,-1.000000E+07,-1.000000E+07,-1.000000E+07,-1.000000E+07,-1.000000E+07,-1.000000E+07,-1.000000E+07,-1.000000E+07,-1.000000E+07,-1.000000E+07,,,,,,,,,,,,,,,,,,,,,,,,,,,,,,,,,,,,,,,,,,,,,,,,,,
IJ_T27C_PCGD18N12288_5417_5513,,R,1,151,A,0,0,,,,,,,,,,,,,,,,,,,,,,,,,,,,,,,,,,,,,,,,,,,,,,,,,,,,,,,,,,,,,,,,,,,,,,,,,,,,,,,,,,,,,,,,,,,,,,,,,,,,,,,,,,,,,,,,,,,,,,,,,,,,,,,,,,,,,,,,,,,,,,,,,,,,,,,,,,,,,,,,,,,,,,,,,,,,,,,,,,,,,,,,,,,,,,,,,,
,1,2,3,4,5,6,7,8,9,10,11,12,13,14,15,16,17,18,19,20,21,22,23,24,25,26,27,28,29,30,31,32,33,34,35,36,37,38,39,40,41,42,43,44,45,46,47,48,49,50,51,52,53,54,55,56,57,58,59,60,61,62,63,64,65,66,67,68,69,70,71,72,73,74,75,76,77,78,79,80,81,82,83,84,85,86,87,88,89,90,91,92,93,94,95,96,97,98,99,100,101,102,103,104,105,106,107,108,109,110,111,112,113,114,115,116,117,118,119,120,121,122,123,124,125,126,127,128,129,130,131,132,133,134,135,136,137,138,139,140,141,142,143,144,145,146,147,148,149,150,151,,,,,,,,,,,,,,,,,,,,,,,,,,,,,,,,,,,,,,,,,,,,,,,,,,
1,-2.833690E-09,-2.149430E-09,-1.604980E-09,-1.207980E-09,-8.981580E-10,-6.619080E-10,-4.878060E-10,-3.553360E-10,-2.600850E-10,-1.896230E-10,-1.370560E-10,-1.000000E-10,-7.229300E-11,-5.241900E-11,-3.811400E-11,-2.693700E-11,-1.981200E-11,-1.395500E-11,-9.965000E-12,-7.718000E-12,-4.923000E-12,-4.008000E-12,-2.833000E-12,-1.798000E-12,-1.845000E-12,-8.460000E-13,-8.640000E-13,-8.550000E-13,-1.380000E-13,-4.950000E-13,-5.200000E-14,-2.570000E-13,-2.840000E-13,+1.910000E-13,-2.070000E-13,-1.790000E-13,+2.350000E-13,-3.430000E-13,+5.240000E-13,-9.000000E-15,-6.900000E-14,+4.250000E-13,+3.550000E-13,+1.799000E-12,+7.335000E-12,+3.498200E-11,+1.948810E-10,+1.183850E-09,+7.977770E-09,+5.308060E-08,+3.616060E-07,+2.544170E-06,+1.618150E-05,+7.837360E-05,+2.380290E-04,+4.945440E-04,+8.505610E-04,+1.317020E-03,+1.867940E-03,+2.487720E-03,+3.167220E-03,+3.873490E-03,+4.606250E-03,+5.373830E-03,+6.146990E-03,-1.000000E+07,-1.000000E+07,-1.000000E+07,-1.000000E+07,-1.000000E+07,-1.000000E+07,-1.000000E+07,-1.000000E+07,-1.000000E+07,-1.000000E+07,-1.000000E+07,-1.000000E+07,-1.000000E+07,-1.000000E+07,-1.000000E+07,-1.000000E+07,-1.000000E+07,-1.000000E+07,-1.000000E+07,-1.000000E+07,-1.000000E+07,-1.000000E+07,-1.000000E+07,-1.000000E+07,-1.000000E+07,-1.000000E+07,-1.000000E+07,-1.000000E+07,-1.000000E+07,-1.000000E+07,-1.000000E+07,-1.000000E+07,-1.000000E+07,-1.000000E+07,-1.000000E+07,-1.000000E+07,-1.000000E+07,-1.000000E+07,-1.000000E+07,-1.000000E+07,-1.000000E+07,-1.000000E+07,-1.000000E+07,-1.000000E+07,-1.000000E+07,-1.000000E+07,-1.000000E+07,-1.000000E+07,-1.000000E+07,-1.000000E+07,-1.000000E+07,-1.000000E+07,-1.000000E+07,-1.000000E+07,-1.000000E+07,-1.000000E+07,-1.000000E+07,-1.000000E+07,-1.000000E+07,-1.000000E+07,-1.000000E+07,-1.000000E+07,-1.000000E+07,-1.000000E+07,-1.000000E+07,-1.000000E+07,-1.000000E+07,-1.000000E+07,-1.000000E+07,-1.000000E+07,-1.000000E+07,-1.000000E+07,-1.000000E+07,-1.000000E+07,-1.000000E+07,-1.000000E+07,-1.000000E+07,-1.000000E+07,-1.000000E+07,-1.000000E+07,-1.000000E+07,-1.000000E+07,-1.000000E+07,-1.000000E+07,-1.000000E+07,-1.000000E+07,,,,,,,,,,,,,,,,,,,,,,,,,,,,,,,,,,,,,,,,,,,,,,,,,,
VBIASDIO_T27C_PCGD18N12288_5417_5513,,R,1,100,volts,0,0,,,,,,,,,,,,,,,,,,,,,,,,,,,,,,,,,,,,,,,,,,,,,,,,,,,,,,,,,,,,,,,,,,,,,,,,,,,,,,,,,,,,,,,,,,,,,,,,,,,,,,,,,,,,,,,,,,,,,,,,,,,,,,,,,,,,,,,,,,,,,,,,,,,,,,,,,,,,,,,,,,,,,,,,,,,,,,,,,,,,,,,,,,,,,,,,,,
,1,2,3,4,5,6,7,8,9,10,11,12,13,14,15,16,17,18,19,20,21,22,23,24,25,26,27,28,29,30,31,32,33,34,35,36,37,38,39,40,41,42,43,44,45,46,47,48,49,50,51,52,53,54,55,56,57,58,59,60,61,62,63,64,65,66,67,68,69,70,71,72,73,74,75,76,77,78,79,80,81,82,83,84,85,86,87,88,89,90,91,92,93,94,95,96,97,98,99,100,,,,,,,,,,,,,,,,,,,,,,,,,,,,,,,,,,,,,,,,,,,,,,,,,,,,,,,,,,,,,,,,,,,,,,,,,,,,,,,,,,,,,,,,,,,,,,,,,,,,,
1,+0.000000E+00,+5.000000E-02,+1.000000E-01,+1.500000E-01,+2.000000E-01,+2.500000E-01,+3.000000E-01,+3.500000E-01,+4.000000E-01,+4.500000E-01,+5.000000E-01,+5.500000E-01,+6.000000E-01,+6.500000E-01,+7.000000E-01,+7.500000E-01,+8.000000E-01,+8.500000E-01,+9.000000E-01,+9.500000E-01,+1.000000E+00,+1.050000E+00,+1.100000E+00,+1.150000E+00,+1.200000E+00,+1.250000E+00,+1.300000E+00,+1.350000E+00,+1.400000E+00,+1.450000E+00,+1.500000E+00,+1.550000E+00,+1.600000E+00,+1.650000E+00,+1.700000E+00,+1.750000E+00,+1.800000E+00,+1.850000E+00,+1.900000E+00,+1.950000E+00,+2.000000E+00,+2.050000E+00,+2.100000E+00,+2.150000E+00,+2.200000E+00,+2.250000E+00,+2.300000E+00,+2.350000E+00,+2.400000E+00,+2.450000E+00,+2.500000E+00,+2.550000E+00,+2.600000E+00,+2.650000E+00,+2.700000E+00,+2.750000E+00,+2.800000E+00,+2.850000E+00,+2.900000E+00,+2.950000E+00,+3.000000E+00,+3.050000E+00,+3.100000E+00,+3.150000E+00,+3.200000E+00,+3.250000E+00,+3.300000E+00,+3.350000E+00,+3.400000E+00,+3.450000E+00,+3.500000E+00,+3.550000E+00,+3.600000E+00,+0.000000E+00,+0.000000E+00,+0.000000E+00,+0.000000E+00,+0.000000E+00,+0.000000E+00,+0.000000E+00,+0.000000E+00,+0.000000E+00,+0.000000E+00,+0.000000E+00,+0.000000E+00,+0.000000E+00,+0.000000E+00,+0.000000E+00,+0.000000E+00,+0.000000E+00,+0.000000E+00,+0.000000E+00,+0.000000E+00,+0.000000E+00,+0.000000E+00,+0.000000E+00,+0.000000E+00,+0.000000E+00,+0.000000E+00,+0.000000E+00,,,,,,,,,,,,,,,,,,,,,,,,,,,,,,,,,,,,,,,,,,,,,,,,,,,,,,,,,,,,,,,,,,,,,,,,,,,,,,,,,,,,,,,,,,,,,,,,,,,,,
CJ_T27C_PCGD18N12288_5417_5513,,R,1,100,pF,0,0,,,,,,,,,,,,,,,,,,,,,,,,,,,,,,,,,,,,,,,,,,,,,,,,,,,,,,,,,,,,,,,,,,,,,,,,,,,,,,,,,,,,,,,,,,,,,,,,,,,,,,,,,,,,,,,,,,,,,,,,,,,,,,,,,,,,,,,,,,,,,,,,,,,,,,,,,,,,,,,,,,,,,,,,,,,,,,,,,,,,,,,,,,,,,,,,,,
,1,2,3,4,5,6,7,8,9,10,11,12,13,14,15,16,17,18,19,20,21,22,23,24,25,26,27,28,29,30,31,32,33,34,35,36,37,38,39,40,41,42,43,44,45,46,47,48,49,50,51,52,53,54,55,56,57,58,59,60,61,62,63,64,65,66,67,68,69,70,71,72,73,74,75,76,77,78,79,80,81,82,83,84,85,86,87,88,89,90,91,92,93,94,95,96,97,98,99,100,,,,,,,,,,,,,,,,,,,,,,,,,,,,,,,,,,,,,,,,,,,,,,,,,,,,,,,,,,,,,,,,,,,,,,,,,,,,,,,,,,,,,,,,,,,,,,,,,,,,,
1,+1.481917E+01,+1.433671E+01,+1.389973E+01,+1.349144E+01,+1.311294E+01,+1.276204E+01,+1.243563E+01,+1.213351E+01,+1.185019E+01,+1.158337E+01,+1.133273E+01,+1.109270E+01,+1.086796E+01,+1.065301E+01,+1.044847E+01,+1.025302E+01,+1.006607E+01,+9.894719E+00,+9.728234E+00,+9.572276E+00,+9.419285E+00,+9.269035E+00,+9.128473E+00,+8.999358E+00,+8.874872E+00,+8.757302E+00,+8.636972E+00,+8.524772E+00,+8.416221E+00,+8.312008E+00,+8.213924E+00,+8.116020E+00,+8.024454E+00,+7.935397E+00,+7.849299E+00,+7.765691E+00,+7.685802E+00,+7.609062E+00,+7.535562E+00,+7.462670E+00,+7.392938E+00,+7.325656E+00,+7.260653E+00,+7.197699E+00,+7.136405E+00,+7.076871E+00,+7.021305E+00,+6.967069E+00,+6.911294E+00,+6.860077E+00,+6.807880E+00,+6.759823E+00,+6.709926E+00,+6.665778E+00,+6.619719E+00,+6.574901E+00,+6.532412E+00,+6.490843E+00,+6.449543E+00,+6.409064E+00,+6.370573E+00,+6.333043E+00,+6.295763E+00,+6.260042E+00,+6.224521E+00,+6.190190E+00,+6.156869E+00,+6.123647E+00,+6.091955E+00,+6.059264E+00,+6.030331E+00,+5.999449E+00,+5.970627E+00,+0.000000E+00,+0.000000E+00,+0.000000E+00,+0.000000E+00,+0.000000E+00,+0.000000E+00,+0.000000E+00,+0.000000E+00,+0.000000E+00,+0.000000E+00,+0.000000E+00,+0.000000E+00,+0.000000E+00,+0.000000E+00,+0.000000E+00,+0.000000E+00,+0.000000E+00,+0.000000E+00,+0.000000E+00,+0.000000E+00,+0.000000E+00,+0.000000E+00,+0.000000E+00,+0.000000E+00,+0.000000E+00,+0.000000E+00,+0.000000E+00,,,,,,,,,,,,,,,,,,,,,,,,,,,,,,,,,,,,,,,,,,,,,,,,,,,,,,,,,,,,,,,,,,,,,,,,,,,,,,,,,,,,,,,,,,,,,,,,,,,,,
